#bjd model_rvs
2456581.8126 -84.06213395349772
2456582.0126 -82.07515430397842
2456582.2126 -75.37573163484278
2456582.4126000004 -64.58380474850739
2456582.6126000006 -50.66659560841609
2456582.8126000008 -34.84653556803082
2456583.012600001 -18.49319487890281
2456583.212600001 -3.008861874889458
2456583.4126000013 10.284154965627579
2456583.6126000015 20.24800380951253
2456583.8126000017 26.020103939351472
2456584.012600002 27.08524371830065
2456584.212600002 23.32383631128338
2456584.4126000023 15.031172696405395
2456584.6126000024 2.903148736781695
2456584.8126000026 -12.014177202112723
2456585.012600003 -28.410454163826525
2456585.212600003 -44.826960250583575
2456585.412600003 -59.79217007048422
2456585.6126000034 -71.96241795492124
2456585.8126000036 -80.25115060632115
2456586.0126000037 -83.93129783265425
2456586.212600004 -82.6992434210504
2456586.412600004 -76.69477580089483
2456586.6126000043 -66.47772843310379
2456586.8126000045 -52.96730700864306
2456587.0126000047 -37.353403886498796
2456587.212600005 -20.99032924999537
2456587.412600005 -5.2827993458792974
2456587.612600005 8.427485217401575
2456587.8126000054 18.967955079744563
2456588.0126000056 25.42842197237351
2456588.212600006 27.236388023859128
2456588.412600006 24.209312301928918
2456588.612600006 16.578652021578996
2456588.8126000063 4.980988126105224
2456589.0126000065 -9.58679433136271
2456589.2126000067 -25.8481450990185
2456589.412600007 -42.358698229441046
2456589.612600007 -57.639677905995015
2456589.8126000073 -70.31883553512887
2456590.0126000075 -79.26252936307726
2456590.2126000077 -83.68311270365804
2456590.412600008 -83.2093442697822
2456590.612600008 -77.91322356496336
2456590.812600008 -68.29302177292297
2456591.0126000084 -55.217805210734454
2456591.2126000086 -39.84238863765394
2456591.412600009 -23.503103121177393
2456591.612600009 -7.604391031652039
2456591.812600009 6.495181186608555
2456592.0126000093 17.590547031113637
2456592.2126000095 24.725705913260825
2456592.4126000097 27.272122990375532
2456592.61260001 24.984882551399604
2456592.81260001 18.031403902782834
2456593.0126000103 6.987890620227855
2456593.2126000104 -7.199866043246171
2456593.4126000106 -23.291787024611075
2456593.612600011 -39.86105265592623
2456593.812600011 -55.42501038515469
2456594.012600011 -68.5859913456165
2456594.2126000114 -78.16583552924172
2456594.4126000116 -83.31800192300327
2456594.6126000118 -83.60426057750202
2456594.812600012 -79.02840903948021
2456595.012600012 -70.02582316516364
2456595.2126000123 -57.413393123749074
2456595.4126000125 -42.308365387331804
2456595.6126000127 -26.026386717513535
2456595.812600013 -9.968909951811376
2456596.012600013 4.491194946957339
2456596.2126000132 16.118639680457
2456596.4126000134 23.91347977585724
2456596.6126000136 27.192484820157166
2456596.812600014 25.649054713391543
2456597.012600014 19.386493587212875
2456597.212600014 8.919699652378359
2456597.4126000144 -4.858422056504551
2456597.6126000145 -20.746830614803688
2456597.8126000147 -37.33938258059125
2456598.012600015 -53.1529191087824
2456598.212600015 -66.76757226253277
2456598.4126000153 -76.96334735886066
2456598.6126000155 -82.83664207001335
2456598.8126000157 -83.88303924008683
2456599.012600016 -80.0378774702794
2456599.212600016 -71.67243335974894
2456599.412600016 -59.5494764927673
2456599.6126000164 -44.74624800901806
2456599.8126000166 -28.555023876698957
2456600.012600017 -12.371541738817367
2456600.212600017 2.4196201300781297
2456600.412600017 14.55527912941751
2456600.6126000173 22.9934857023398
2456600.8126000175 26.997744443303965
2456601.0126000177 26.200569507446943
2456601.212600018 20.641197423018077
2456601.412600018 10.772427094406325
2456601.6126000183 -2.5673849182242137
2456601.8126000185 -18.21869420962253
2456602.0126000186 -34.79909539539235
2456602.212600019 -50.828281155580285
2456602.412600019 -64.8674548801772
2456602.612600019 -75.65757663555362
2456602.8126000194 -82.23996230163623
2456603.0126000196 -84.04497341145508
2456603.2126000198 -80.93939140625832
2456603.41260002 -73.22932382107874
2456603.61260002 -61.62157352428234
2456603.8126000203 -47.150998739752936
2456604.0126000205 -31.083841856133958
2456604.2126000207 -14.807393658168472
2456604.412600021 0.28468414329064373
2456604.612600021 12.903691448738986
2456604.8126000213 21.967679960492365
2456605.0126000214 26.68840608570616
2456605.2126000216 26.63840226052016
2456605.412600022 21.79300760455445
2456605.612600022 12.54226112296693
2456605.812600022 -0.3315595260874886
2456606.0126000224 -15.712751691885199
2456606.2126000226 -32.245634398401826
2456606.4126000227 -48.456087823163735
2456606.612600023 -62.889696793416036
2456606.812600023 -74.25126347380775
2456607.0126000233 -81.52914309923958
2456607.2126000235 -84.08960505198826
2456607.4126000237 -81.73093644908981
2456607.612600024 -74.69314481366538
2456607.812600024 -63.625324374727214
2456608.012600024 -49.51763821818922
2456608.2126000244 -33.60766121640888
2456608.4126000246 -17.271503780607773
2456608.612600025 -1.9092598309904787
2456608.812600025 11.16727627753508
2456609.012600025 20.838228585701582
2456609.2126000253 26.26520541245899
2456609.4126000255 26.961763969759033
2456609.6126000257 22.83963642042019
2456609.812600026 14.225573626767194
2456610.012600026 1.8443769992351307
2456610.2126000263 -13.23432053803453
2456610.4126000265 -29.68446631047298
2456610.6126000267 -46.041433092784935
2456610.812600027 -60.838527412864266
2456611.012600027 -72.74737053589854
2456611.212600027 -80.70561440368905
2456611.4126000274 -84.01672692126165
2456611.6126000276 -82.41072656220281
2456611.812600028 -76.06073318917643
2456612.012600028 -65.55650048178549
2456612.212600028 -51.84125548774646
2456612.4126000283 -36.12130576812204
2456612.6126000285 -19.758850295468836
2456612.8126000287 -4.157741044402837
2456613.012600029 9.349600148022184
2456613.212600029 19.60750267856905
2456613.4126000293 25.7291072568448
2456613.6126000294 27.17010189309318
2456613.8126000296 23.779020003711604
2456614.01260003 15.818927144582183
2456614.21260003 3.955885069998768
2456614.41260003 -10.788650073460595
2456614.6126000304 -27.12106877954335
2456614.8126000306 -43.5895018512837
2456615.0126000308 -58.71833833822113
2456615.212600031 -71.14907667675391
2456615.412600031 -79.7710531371666
2456615.6126000313 -83.82638400187169
2456615.8126000315 -82.97720891870435
2456616.0126000317 -77.32911985260199
2456616.212600032 -67.41101371764873
2456616.412600032 -54.11701794787291
2456616.6126000322 -38.61961256833104
2456616.8126000324 -22.264360954149414
2456617.0126000326 -6.456179589927025
2456617.212600033 7.454389546087903
2456617.412600033 18.27807336913634
2456617.612600033 25.081302945238367
2456617.8126000334 27.263099674974125
2456618.0126000335 24.609321585573458
2456618.2126000337 17.319081325333237
2456618.412600034 5.9985719958684385
2456618.612600034 -8.380909962392153
2456618.8126000343 -24.5609179079147
2456619.0126000345 -41.10555790492199
2456619.2126000347 -56.53367331648126
2456619.412600035 -69.4597700312409
2456619.612600035 -78.727380112095
2456619.812600035 -83.51887434268369
2456620.0126000354 -83.42906826873678
2456620.2126000356 -78.49553688491422
2456620.412600036 -69.18492534296979
2456620.612600036 -56.34018123542661
2456620.812600036 -41.097441952828724
2456621.0126000363 -24.78292263239411
2456621.2126000365 -8.799894997445612
2456621.4126000367 5.485523718076539
2456621.612600037 16.852706458626432
