#time nev avnev sigma he_nev he_avnev he_sigma
239859818.0000 136.0 167.08764 -2.431326 6.0 12.475148 -1.811118 
240464618.0000 140.0 195.23054 -4.11289 13.0 14.170962 -0.134652 
241069418.0000 251.0 250.11381 0.0981028 18.0 17.761428 0.2135801 
241674218.0000 214.0 252.78242 -2.462024 28.0 18.479658 2.1932752 
242279018.0000 179.0 239.62435 -4.05499 15.0 17.521843 -0.451843 
242883818.0000 228.0 251.85568 -1.484687 12.0 18.512441 -1.444002 
243488618.0000 198.0 246.55743 -3.15806 9.0 17.545053 -2.061459 
244093418.0000 184.0 206.11949 -1.521581 7.0 14.865027 -2.065171 
244698218.0000 192.0 185.01738 0.5586398 5.0 13.573901 -2.439328 
245303018.0000 266.0 225.55972 2.6599652 23.0 16.019205 1.7853615 
245907818.0000 227.0 268.59664 -2.565538 11.0 18.883337 -1.791237 
246512618.0000 245.0 250.66807 -0.316984 14.0 18.338552 -0.889975 
247117418.0000 193.0 243.85067 -3.33504 15.0 17.787136 -0.513865 
247722218.0000 253.0 259.57986 -0.368459 21.0 18.761224 0.6555868 
248327018.0000 329.0 236.56068 5.7106905 31.0 16.850366 3.2166912 
248931818.0000 403.0 187.8995 13.632754 48.0 13.740352 7.3028545 
249536618.0000 443.0 191.74363 15.510969 79.0 14.035381 12.064516 
250141418.0000 497.0 242.56054 14.322783 93.0 17.205364 12.832734 
250746218.0000 447.0 257.69812 10.702192 47.0 18.533676 5.6427831 
251351018.0000 456.0 244.68667 12.08136 52.0 17.992038 6.6219406 
251955818.0000 364.0 241.12928 7.3908 37.0 17.742418 4.1105275 
252560618.0000 341.0 274.01431 3.9343535 28.0 19.435394 1.9566439 
253165418.0000 261.0 219.55014 2.758419 25.0 15.668926 2.3135874 
253770218.0000 280.0 185.74044 6.4718904 39.0 13.771731 5.6745405 
254375018.0000 290.0 200.94728 5.9295129 31.0 14.426937 3.9175195 
254979818.0000 355.0 253.07254 6.0743436 57.0 17.873888 7.4556555 
255584618.0000 381.0 258.97122 7.1176991 62.0 19.08185 7.8704199 
256189418.0000 411.0 242.1398 9.8946476 42.0 17.605543 5.0458025 
256794218.0000 579.0 258.85058 17.119039 86.0 18.964736 11.318313 
257399018.0000 426.0 236.17254 11.123274 63.0 16.774389 8.7266511 
258003818.0000 283.0 200.5216 5.5237684 45.0 14.583398 6.4933362 
258608618.0000 49.0 54.118209 -0.613988 6.0 4.0143971 1.2150185 
259213418.0000 198.0 233.98083 -2.371022 10.0 16.605157 -1.563427 
259818218.0000 196.0 253.38473 -3.71072 12.0 17.889312 -1.305765 
260423018.0000 184.0 252.9767 -4.514382 16.0 18.39764 -0.410529 
261027818.0000 201.0 247.19183 -2.992437 9.0 17.916055 -2.142048 
261632618.0000 213.0 267.41378 -3.407624 9.0 19.09222 -2.390745 
262237418.0000 185.0 239.10984 -3.599112 10.0 16.996086 -1.652519 
262842218.0000 157.0 174.85887 -1.322575 8.0 12.881855 -1.252001 
263447018.0000 153.0 169.20071 -1.213429 6.0 12.432125 -1.799985 
264051818.0000 160.0 228.65513 -4.752958 2.0 16.354496 -4.225359 
264656618.0000 253.0 267.35134 -0.844321 16.0 19.323682 -0.619847 
265261418.0000 177.0 257.90499 -5.296964 14.0 18.847511 -1.003798 
265866218.0000 183.0 261.37905 -5.081171 6.0 19.173873 -3.314128 
266471018.0000 250.0 269.61865 -1.168252 12.0 19.201088 -1.593315 
267075818.0000 176.0 213.10925 -2.573491 11.0 15.413752 -0.999324 
267680618.0000 167.0 183.7727 -1.206291 11.0 13.573306 -0.531126 
268285418.0000 325.0 216.51586 6.8984713 29.0 15.589588 3.1695928 
268890218.0000 390.0 253.92442 7.9459686 32.0 18.085277 3.0799999 
269495018.0000 248.0 250.8412 -0.137508 15.0 18.277587 -0.626936 
270099818.0000 333.0 248.72641 5.1165914 32.0 18.352081 3.0103542 
270704618.0000 526.0 250.72651 15.163773 52.0 18.041473 6.6075425 
271309418.0000 371.0 237.59309 8.0286731 30.0 16.87248 3.013087 
271914218.0000 238.0 179.04197 4.2383489 22.0 13.003778 2.4253466 
272519018.0000 259.0 171.64894 6.241065 22.0 12.556649 2.5644826 
273123818.0000 311.0 213.10072 6.3125629 22.0 15.289525 1.7618466 
273728618.0000 271.0 194.09797 5.2482938 19.0 13.772071 1.494137 
274333418.0000 360.0 221.5063 8.5641632 46.0 15.846895 6.2635707 
274938218.0000 264.0 227.35432 2.41141 14.0 16.266353 -0.403811 
275543018.0000 203.0 164.78067 2.9209594 11.0 11.715502 -0.013814 
276147818.0000 181.0 138.98313 3.4561929 6.0 9.9750213 -1.118276 
276752618.0000 222.0 128.92068 7.4759602 18.0 9.180231 2.7481012 
277357418.0000 202.0 132.42187 5.6584668 13.0 9.497694 1.2718015 
277962218.0000 182.0 164.24971 1.4115866 10.0 11.800842 -0.335963 
278567018.0000 219.0 193.41827 1.8471659 9.0 13.810756 -1.181681 
279171818.0000 243.0 237.9436 0.3695906 7.0 17.300354 -2.611647 
279776618.0000 161.0 203.89872 -3.070119 5.0 14.45835 -2.647561 
280381418.0000 162.0 174.35177 -0.895263 9.0 12.588233 -0.860476 
280986218.0000 144.0 126.74468 1.5567796 10.0 9.2555503 0.454573 
281591018.0000 151.0 125.26315 2.28323 8.0 9.0923976 -0.141993 
282195818.0000 155.0 134.34306 1.7943658 8.0 9.7143783 -0.342786 
282800618.0000 187.0 180.81897 0.506159 4.0 12.977203 -2.669166 
283405418.0000 227.0 216.9884 0.7191753 10.0 15.457899 -1.293891 
284010218.0000 195.0 238.21861 -2.846205 5.0 17.244739 -3.256256 
284615018.0000 160.0 185.86467 -1.892896 3.0 13.11389 -3.102319 
285219818.0000 166.0 160.41381 0.490629 7.0 11.508748 -1.209332 
285824618.0000 103.0 125.73825 -2.031087 4.0 9.085989 -1.624533 
286429418.0000 104.0 122.48674 -1.65216 8.0 8.8288583 -0.054154 
287034218.0000 152.0 149.75392 0.237308 12.0 10.856396 0.5368189 
287639018.0000 167.0 176.13305 -0.643248 3.0 12.537873 -2.965843 
288243818.0000 201.0 236.79061 -2.343086 6.0 17.051147 -2.879329 
288848618.0000 161.0 221.53852 -4.228445 3.0 15.817999 -3.699037 
289453418.0000 162.0 166.70988 -0.314468 8.0 11.95112 -1.001648 
290058218.0000 132.0 142.10041 -0.800541 5.0 10.345462 -1.597351 
290663018.0000 109.0 124.10457 -1.322752 6.0 8.9726219 -0.8089 
291267818.0000 129.0 135.30294 -0.488063 4.0 9.7184267 -1.811235 
291872618.0000 203.0 172.69483 2.2915096 5.0 12.29142 -2.121778 
292477418.0000 119.0 147.74194 -2.389929 4.0 10.309044 -1.97879 
293082218.0000 191.0 247.47937 -3.696033 4.0 17.632843 -3.689209 
293687018.0000 161.0 193.18136 -2.334042 2.0 13.54834 -3.635184 
294291818.0000 126.0 203.25145 -5.777904 5.0 14.635098 -2.688219 
294896618.0000 96.0 165.81086 -5.829708 2.0 12.01462 -3.281747 
295501418.0000 101.0 143.49656 -3.687164 6.0 10.200614 -1.185091 
296106218.0000 118.0 183.06167 -5.090687 6.0 13.248342 -2.00717 
296711018.0000 113.0 192.91801 -6.185436 6.0 13.722863 -2.123927 
297315818.0000 152.0 241.50035 -6.135849 3.0 17.355388 -4.011366 
297920618.0000 164.0 248.98349 -5.698744 6.0 18.029377 -3.083613 
298525418.0000 121.0 203.34426 -6.195947 3.0 14.585179 -3.435261 
299130218.0000 123.0 174.72949 -4.079404 3.0 12.676786 -2.999098 
299735018.0000 85.0 142.05345 -5.112466 4.0 10.40622 -2.005776 
300339818.0000 113.0 147.66941 -2.917999 4.0 10.794536 -2.112063 
300944618.0000 108.0 175.50415 -5.431637 4.0 12.684332 -2.59797 
301549418.0000 132.0 205.4785 -5.436016 4.0 14.499098 -3.024096 
302154218.0000 150.0 246.65538 -6.59217 2.0 17.767597 -4.50026 
302759018.0000 169.0 232.41096 -4.326137 4.0 16.415864 -3.440147 
303363818.0000 122.0 186.84144 -5.012525 6.0 13.397526 -2.044157 
303968618.0000 101.0 145.66313 -3.857697 5.0 10.619994 -1.674922 
304573418.0000 103.0 127.25239 -2.161494 2.0 9.2259817 -2.562464 
305178218.0000 105.0 136.1174 -2.718334 5.0 9.8838672 -1.46391 
305783018.0000 183.0 172.18266 0.8658568 13.0 12.384231 0.3595453 
306387818.0000 275.0 205.04417 4.6836319 20.0 14.497456 1.5244728 
306992618.0000 178.0 102.57246 6.7920513 14.0 7.4246521 2.3480465 
307597418.0000 321.0 190.78212 8.6205072 27.0 13.308725 3.4363863 
308202218.0000 267.0 168.79254 7.0064935 21.0 11.981249 2.5143773 
308807018.0000 150.0 125.05629 2.2184274 6.0 8.984704 -0.81276 
309411818.0000 124.0 120.76902 0.3528817 3.0 8.6697559 -1.930674 
310016618.0000 123.0 150.95434 -2.293965 10.0 10.928611 -0.079196 
310621418.0000 184.0 173.73303 0.8211668 10.0 12.393516 -0.503327 
311226218.0000 210.0 232.86106 -1.478692 15.0 16.698368 -0.255272 
311831018.0000 248.0 230.78248 1.1626515 21.0 16.480814 1.2198563 
312435818.0000 157.0 172.11184 -1.117225 7.0 12.277795 -1.418293 
313040618.0000 158.0 145.41174 1.0833122 6.0 10.600309 -1.301165 
313645418.0000 156.0 125.2294 2.7030677 9.0 9.0037574 0.2196117 
314250218.0000 132.0 128.71362 0.3467579 8.0 9.2772264 -0.20259 
314855018.0000 180.0 161.56796 1.4745526 8.0 11.688946 -0.928851 
315459818.0000 314.0 260.94711 3.2205011 19.0 18.405546 0.2913438 
316064618.0000 253.0 266.25381 -0.777679 16.0 19.259031 -0.605451 
316669418.0000 193.0 207.9737 -1.003924 12.0 14.679152 -0.538714 
317274218.0000 177.0 170.28006 0.5621387 12.0 12.166281 0.1432541 
317879018.0000 130.0 136.96582 -0.542547 8.0 9.8781614 -0.394233 
318483818.0000 104.0 126.42651 -1.995647 6.0 9.1368484 -0.861075 
319088618.0000 115.0 136.5039 -1.832407 4.0 9.8842535 -1.858911 
319693418.0000 154.0 166.93837 -0.961953 7.0 11.979556 -1.338287 
320298218.0000 174.0 213.28804 -2.731415 11.0 15.17904 -0.941729 
320903018.0000 201.0 235.82295 -2.281728 11.0 17.032136 -1.381691 
321507818.0000 140.0 180.23202 -3.066757 9.0 12.745791 -0.902983 
322112618.0000 128.0 158.67639 -2.464548 5.0 11.460738 -1.904846 
322717418.0000 84.0 106.68067 -2.212436 7.0 7.7041206 -0.012618 
323322218.0000 137.0 133.38037 0.3692651 6.0 9.4743661 -0.966418 
323927018.0000 188.0 161.87805 2.0514314 17.0 11.51332 1.6832857 
324531818.0000 98.0 55.501068 5.217503 7.0 3.9668932 1.6527895 
325136618.0000 286.0 206.59138 5.2598886 11.0 14.940866 -0.882687 
325741418.0000 223.0 218.39112 0.355612 18.0 15.57297 0.7614033 
326346218.0000 168.0 168.8928 -0.017398 18.0 12.091455 1.7529301 
326951018.0000 192.0 140.48892 4.1654667 11.0 10.235311 0.4391473 
327555818.0000 211.0 126.06001 6.9423556 20.0 9.1299867 3.2761993 
328160618.0000 172.0 126.42237 3.8947691 32.0 9.1599102 6.0126218 
328765418.0000 237.0 166.01544 5.2200441 33.0 11.962958 5.1306405 
329370218.0000 276.0 198.17318 5.2584409 30.0 13.945469 3.8633675 
329975018.0000 302.0 242.90916 3.6915416 20.0 17.612682 0.709289 
330579818.0000 178.0 198.69081 -1.445709 28.0 13.919725 3.4577066 
331184618.0000 222.0 170.45134 3.8181202 23.0 12.203926 2.9068357 
331789418.0000 128.0 133.51283 -0.422061 12.0 9.605071 0.9440812 
332394218.0000 118.0 129.42887 -0.959777 8.0 9.3075418 -0.212452 
332999018.0000 113.0 139.79203 -2.284956 4.0 10.087521 -1.916671 
333603818.0000 113.0 166.14314 -4.320841 8.0 11.839259 -0.970716 
334208618.0000 192.0 219.68142 -1.862315 16.0 15.638291 0.2580111 
334813418.0000 193.0 237.14173 -2.917155 25.0 16.95857 1.9666349 
335418218.0000 162.0 180.12321 -1.322803 8.0 12.790549 -1.227971 
336023018.0000 123.0 140.07046 -1.41478 8.0 10.21479 -0.49823 
336627818.0000 100.0 99.286285 0.1382723 11.0 7.1497783 1.5513637 
337232618.0000 263.0 255.64508 0.4991646 13.0 18.185899 -1.110589 
337837418.0000 117.0 147.79637 -2.571183 13.0 10.647459 0.8884108 
338442218.0000 125.0 175.38154 -3.957094 8.0 12.362616 -1.11384 
339047018.0000 157.0 218.99397 -4.365112 8.0 15.65798 -1.935642 
339651818.0000 236.0 217.08242 1.3101058 12.0 15.137072 -0.654454 
340256618.0000 156.0 176.70147 -1.537349 6.0 12.475742 -1.811271 
340861418.0000 127.0 140.15394 -1.071274 5.0 10.002192 -1.498489 
341466218.0000 108.0 132.99404 -2.179776 8.0 9.5669698 -0.295988 
342071018.0000 127.0 147.29432 -1.655645 9.0 10.65998 -0.30937 
342675818.0000 104.0 188.83143 -6.695236 4.0 13.53692 -2.802527 
343280618.0000 139.0 226.56724 -6.219091 7.0 16.050125 -2.337617 
343885418.0000 210.0 268.23269 -3.653829 8.0 19.439992 -2.752481 
344490218.0000 190.0 223.996 -2.286197 7.0 15.875923 -2.298383 
345095018.0000 128.0 186.24084 -4.471004 4.0 13.470673 -2.786922 
345699818.0000 143.0 155.33599 -0.948562 6.0 11.263471 -1.487693 
346304618.0000 104.0 152.08004 -4.076992 5.0 11.004203 -1.781373 
346909418.0000 122.0 169.46342 -3.783605 6.0 12.288964 -1.762764 
347514218.0000 156.0 215.6511 -4.225097 13.0 15.513835 -0.479326 
348119018.0000 221.0 261.97021 -2.558727 16.0 18.853864 -0.5145 
348723818.0000 186.0 257.66812 -4.654605 8.0 18.452274 -2.549583 
349328618.0000 158.0 207.12735 -3.513819 15.0 14.652664 0.262731 
349933418.0000 130.0 170.79701 -3.205097 6.0 12.238563 -1.749594 
350538218.0000 107.0 149.65216 -3.615695 4.0 10.767561 -2.104758 
351143018.0000 115.0 158.43672 -3.571847 6.0 11.367484 -1.516303 
351747818.0000 114.0 178.37527 -5.108278 4.0 12.872764 -2.643892 
352352618.0000 107.0 182.97207 -6.036237 5.0 12.840449 -2.260142 
352957418.0000 103.0 157.2733 -4.561273 3.0 11.348886 -2.671581 
353562218.0000 125.0 198.09954 -5.521409 0.0 13.875947 -4.765623 
354167018.0000 116.0 164.90608 -3.967251 1.0 11.781999 -3.724979 
354771818.0000 88.0 139.09799 -4.584904 6.0 9.9306116 -1.105009 
355376618.0000 115.0 131.08314 -1.374595 0.0 9.3302602 -3.749201 
355981418.0000 83.0 131.57855 -4.480224 5.0 9.3843402 -1.314934 
356586218.0000 123.0 174.17115 -4.03935 8.0 12.403583 -1.124876 
357191018.0000 131.0 213.51669 -6.033776 3.0 15.208051 -3.570128 
357795818.0000 194.0 239.14639 -2.97354 3.0 17.233171 -3.987152 
358400618.0000 143.0 175.61566 -2.49059 7.0 12.451746 -1.464381 
359005418.0000 106.0 154.05096 -4.044744 1.0 11.198261 -3.58725 
359610218.0000 78.0 122.34734 -4.229237 4.0 8.8313617 -1.547041 
360215018.0000 77.0 126.70459 -4.697193 2.0 9.1341247 -2.536667 
360819818.0000 97.0 155.74111 -5.001133 7.0 11.222685 -1.129306 
361424618.0000 168.0 181.82556 -0.98816 3.0 12.879668 -3.047271 
362029418.0000 131.0 234.71815 -7.340689 5.0 16.872287 -3.178575 
362634218.0000 113.0 207.87779 -7.155777 3.0 14.752149 -3.471747 
363239018.0000 60.0 103.61964 -4.579043 3.0 7.3424887 -1.509635 
363843818.0000 91.0 142.35339 -4.548521 0.0 10.201658 -3.962344 
364448618.0000 59.0 125.42888 -6.549309 2.0 9.0204925 -2.504537 
365053418.0000 80.0 134.179 -4.994423 1.0 9.6536417 -3.201373 
365658218.0000 128.0 167.621 -3.138921 6.0 12.003081 -1.687601 
366263018.0000 125.0 194.66148 -5.292374 6.0 13.722177 -2.12376 
366867818.0000 162.0 237.58326 -5.157503 10.0 17.130121 -1.682762 
367472618.0000 137.0 187.1174 -3.795592 9.0 13.148737 -1.010155 
368077418.0000 125.0 159.07421 -2.751234 3.0 11.545 -2.721369 
368682218.0000 96.0 127.25492 -2.833488 5.0 9.2411909 -1.271308 
369287018.0000 93.0 125.82889 -3.005324 2.0 9.0382385 -2.509571 
369891818.0000 104.0 134.74678 -2.698625 5.0 9.6820087 -1.404303 
370496618.0000 16.0 18.75484 -0.492076 0.0 1.2898339 -0.596811 
371101418.0000 224.0 218.74446 0.398688 12.0 15.420545 -0.724951 
371706218.0000 218.0 221.2778 -0.175897 5.0 15.629632 -2.911523 
372311018.0000 121.0 175.86238 -4.33021 3.0 12.405993 -2.934065 
372915818.0000 121.0 167.19972 -3.70337 0.0 12.093616 -4.392795 
373520618.0000 90.0 129.59518 -3.617589 2.0 9.2550954 -2.570607 
374125418.0000 88.0 135.83041 -4.324412 1.0 9.8126058 -3.242675 
374730218.0000 103.0 173.21795 -5.716477 4.0 12.527382 -2.559399 
375335018.0000 131.0 211.31239 -5.89322 5.0 14.831828 -2.733118 
375939818.0000 161.0 267.25067 -6.975533 4.0 19.376199 -4.028625 
376544618.0000 172.0 238.28111 -4.472891 2.0 16.996042 -4.351803 
377149418.0000 118.0 194.81643 -5.887052 6.0 14.019431 -2.195611 
377754218.0000 87.0 138.2532 -4.616497 0.0 10.100148 -3.938048 
378359018.0000 124.0 152.93847 -2.363064 1.0 11.251771 -3.600045 
378963818.0000 104.0 162.2662 -4.84001 1.0 11.863245 -3.743833 
379568618.0000 136.0 199.50155 -4.720358 3.0 14.254134 -3.362174 
380173418.0000 146.0 234.95491 -6.193604 2.0 16.604705 -4.27501 
380778218.0000 150.0 254.14456 -7.030186 3.0 18.322288 -4.199474 
381383018.0000 151.0 207.99307 -4.106044 5.0 14.607838 -2.681968 
381987818.0000 111.0 172.28135 -4.939619 5.0 12.460624 -2.164826 
382592618.0000 72.0 133.58261 -5.776457 5.0 9.6392259 -1.391568 
383197418.0000 91.0 132.90255 -3.791925 7.0 9.5394382 -0.629245 
383802218.0000 102.0 153.65052 -4.380353 6.0 11.114054 -1.446294 
384407018.0000 57.0 78.258346 -2.443944 1.0 5.4942121 -1.931762 
385011818.0000 148.0 227.54818 -5.586712 4.0 16.315168 -3.419047 
385616618.0000 135.0 217.23153 -5.950471 3.0 15.308257 -3.591515 
386221418.0000 135.0 174.42016 -3.055078 6.0 12.31598 -1.769809 
386826218.0000 118.0 146.57392 -2.385245 5.0 10.415651 -1.617306 
387431018.0000 101.0 148.77496 -4.099785 1.0 10.637205 -3.450897 
388035818.0000 80.0 133.08017 -4.906404 7.0 9.5536661 -0.633705 
388640618.0000 121.0 166.99259 -3.688127 4.0 11.984159 -2.423544 
389245418.0000 111.0 187.93057 -6.023731 2.0 13.23061 -3.563988 
389850218.0000 147.0 246.78038 -6.824652 4.0 17.848415 -3.732238 
390455018.0000 39.0 47.341995 -1.148571 2.0 3.248667 -0.332277 
391059818.0000 137.0 180.66905 -3.341327 8.0 12.945065 -1.268572 
391664618.0000 114.0 155.1538 -3.410524 6.0 11.221564 -1.476117 
392269418.0000 117.0 150.73088 -2.802451 7.0 10.97385 -1.058611 
392874218.0000 112.0 163.90541 -4.24471 11.0 11.813179 -0.042321 
393479018.0000 175.0 202.61596 -1.938027 6.0 14.653717 -2.345787 
394083818.0000 215.0 250.0019 -2.224596 23.0 17.932376 1.2920147 
394688618.0000 209.0 225.82992 -1.088931 10.0 16.140701 -1.455804 
395293418.0000 148.0 169.40712 -1.628076 8.0 11.94846 -1.000915 
395898218.0000 155.0 150.59874 0.4107718 14.0 10.819675 1.1115667 
396503018.0000 126.0 124.125 0.2274246 15.0 8.8930358 2.0531222 
397107818.0000 126.0 115.30827 1.0413194 23.0 8.289978 4.3547792 
397712618.0000 157.0 158.87321 -0.095852 10.0 11.432621 -0.22916 
398317418.0000 120.0 140.3628 -1.70418 8.0 9.8695526 -0.391543 
398922218.0000 120.0 169.35923 -3.94737 10.0 12.346535 -0.490255 
399527018.0000 105.0 161.07243 -4.661596 7.0 11.362929 -1.168702 
400131818.0000 142.0 153.04078 -0.848487 8.0 11.005477 -0.733918 
400736618.0000 129.0 128.61525 0.0926185 5.0 9.3316192 -1.298917 
401341418.0000 123.0 127.32029 -0.325424 14.0 9.1792535 1.6689413 
401946218.0000 130.0 137.54657 -0.591726 10.0 9.8389406 0.2615896 
402551018.0000 181.0 177.23062 0.3318997 9.0 12.508161 -0.838741 
403155818.0000 601.0 223.10458 20.897693 13.0 15.665389 -0.516966 
403760618.0000 120.0 143.69187 -1.976299 3.0 10.368191 -2.414349 
404365418.0000 199.0 309.65271 -6.689864 14.0 23.91386 -2.041023 
404970218.0000 179.0 232.3927 -3.604177 6.0 17.467371 -2.967112 
405575018.0000 137.0 174.70893 -2.91196 4.0 12.624178 -2.583222 
406179818.0000 87.0 133.27133 -4.21678 4.0 9.545413 -1.760941 
406784618.0000 142.0 175.01202 -2.527227 8.0 12.715507 -1.208138 
407389418.0000 284.0 201.55905 5.5087328 19.0 14.240771 1.3609386 
407994218.0000 1052.0 360.76831 29.508564 84.0 26.03128 9.0842514 
408599018.0000 821.0 312.38458 23.890491 66.0 22.180345 7.6045565 
409203818.0000 370.0 180.58244 12.367908 93.0 12.577434 14.634948 
409808618.0000 272.0 108.75248 13.171039 23.0 6.8409595 5.018445 
410413418.0000 312.0 178.69929 9.0506963 31.0 13.424667 4.2319493 
411018218.0000 328.0 269.93215 3.4560985 33.0 19.75436 2.8442378 
411623018.0000 431.0 230.96365 11.770254 78.0 16.63928 10.976852 
412227818.0000 65.0 47.894622 2.4308288 8.0 3.3460929 2.4311955 
413437418.0000 128.0 90.78897 3.7390339 12.0 6.3364729 2.2172339 
414042218.0000 118.0 106.49692 1.158113 9.0 7.1713829 0.8878912 
414647018.0000 140.0 120.88613 1.7534618 26.0 8.5293321 4.9593477 
415251818.0000 340.0 134.53465 14.859325 62.0 9.7497215 11.294008 
415856618.0000 344.0 287.48584 3.2692716 44.0 20.947277 4.4987826 
416461418.0000 158.0 131.15728 2.3251266 12.0 9.3170051 1.0429078 
417066218.0000 163.0 145.82412 1.4491241 8.0 10.438339 -0.566048 
417671018.0000 434.0 147.37657 19.1245 65.0 10.560348 11.401084 
418275818.0000 1500.0 367.67791 40.0 217.0 27.963289 22.675165 
418880618.0000 203.0 120.44112 6.8953838 27.0 7.7568574 5.53516 
419485418.0000 171.0 159.86813 0.9221643 13.0 11.685459 0.5658773 
420090218.0000 213.0 169.49267 3.2601599 17.0 12.100295 1.4993552 
420695018.0000 181.0 162.54069 1.4723541 14.0 11.713292 0.8321028 
421299818.0000 239.0 186.28811 3.7438907 26.0 13.098374 3.287708 
421904618.0000 312.0 243.57171 4.2397818 44.0 17.625558 5.3885388 
422509418.0000 204.0 210.81111 -0.425322 11.0 14.827898 -0.854467 
423114218.0000 180.0 214.34782 -2.365435 17.0 15.332208 0.5831863 
423719018.0000 245.0 294.35107 -2.922109 16.0 20.974985 -0.97726 
424323818.0000 256.0 313.37353 -3.3084 14.0 22.157939 -1.699232 
424928618.0000 145.0 209.79493 -4.688556 13.0 14.979479 -0.34464 
425533418.0000 137.0 202.16041 -4.81718 5.0 14.305863 -2.612235 
426138218.0000 165.0 222.4691 -3.991121 7.0 15.727066 -2.264642 
426743018.0000 158.0 180.91072 -1.689823 5.0 13.108696 -2.3264 
427347818.0000 131.0 117.47443 1.2845954 15.0 8.2025709 2.317871 
427952618.0000 233.0 133.27586 7.8505992 22.0 9.0627498 3.7946417 
428557418.0000 405.0 146.56637 17.545324 26.0 10.919404 4.0213999 
429162218.0000 227.0 247.69763 -1.29065 13.0 17.926914 -1.052182 
429767018.0000 386.0 278.90463 6.0929961 22.0 20.420026 0.4892589 
430371818.0000 137.0 105.70063 2.970134 4.0 7.6551618 -1.169252 
430976618.0000 163.0 144.52 1.5596107 8.0 10.46653 -0.574532 
431581418.0000 117.0 138.73028 -1.837106 5.0 10.00016 -1.497897 
432186218.0000 120.0 116.95601 0.3414177 6.0 8.066986 -0.509327 
432791018.0000 150.0 111.68382 3.5011434 9.0 7.0337166 0.9426128 
433395818.0000 204.0 197.49229 0.5075469 12.0 14.654377 -0.532384 
434000618.0000 291.0 288.86132 0.1648129 9.0 20.702032 -2.715925 
434605418.0000 298.0 236.45806 3.8855376 20.0 17.004949 0.8601182 
435210218.0000 119.0 142.45726 -1.964528 6.0 10.096633 -1.154415 
435815018.0000 119.0 158.22778 -3.205391 9.0 11.516761 -0.561725 
436419818.0000 116.0 125.18933 -0.770774 4.0 8.8191795 -1.543298 
437024618.0000 104.0 120.48514 -1.474862 4.0 8.1498508 -1.332375 
437629418.0000 158.0 134.81436 1.9981685 14.0 9.5164394 1.5490652 
438234218.0000 366.0 225.60189 8.6052293 20.0 16.255046 1.0513626 
438839018.0000 887.0 294.02542 27.828138 72.0 21.278141 8.7067318 
439443818.0000 377.0 214.8366 10.02333 23.0 15.478188 1.9321813 
440048618.0000 248.0 259.14685 -0.655552 7.0 18.606998 -2.885113 
440653418.0000 256.0 260.16641 -0.217483 15.0 18.744567 -0.73275 
441258218.0000 195.0 213.44461 -1.234524 13.0 15.316339 -0.42991 
441863018.0000 150.0 173.91461 -1.804799 11.0 12.611043 -0.269496 
442467818.0000 134.0 159.73747 -2.039642 10.0 11.725608 -0.314323 
443072618.0000 151.0 162.71081 -0.876041 7.0 11.860297 -1.305936 
443677418.0000 120.0 188.13656 -5.26931 6.0 13.396453 -2.043893 
444282218.0000 132.0 198.83642 -4.998317 7.0 13.955412 -1.846582 
444887018.0000 210.0 250.58178 -2.593658 8.0 18.022617 -2.459194 
445491818.0000 177.0 217.20802 -2.771633 9.0 15.17671 -1.51944 
446096618.0000 147.0 182.77458 -2.687906 7.0 13.222363 -1.663731 
446701418.0000 105.0 133.4015 -2.49325 5.0 9.6389999 -1.391501 
447306218.0000 97.0 126.18356 -2.645247 3.0 9.0624342 -2.047396 
447911018.0000 154.0 147.56509 0.5801239 9.0 10.640214 -0.303393 
448515818.0000 127.0 132.8912 -0.456313 5.0 9.4044838 -1.321039 
449120618.0000 103.0 151.16261 -4.0986 1.0 10.662937 -3.45724 
449725418.0000 139.0 177.99679 -2.987168 8.0 12.592677 -1.175511 
450330218.0000 157.0 188.99887 -2.347234 11.0 13.192966 -0.42923 
450935018.0000 128.0 156.99905 -2.335335 2.0 11.261478 -3.098335 
451539818.0000 93.0 131.96795 -3.519646 2.0 9.5258226 -2.645601 
452144618.0000 110.0 129.24571 -1.676323 0.0 9.2737913 -3.735014 
452749418.0000 235.0 157.94302 5.7603654 18.0 11.374068 1.9810985 
453354218.0000 273.0 190.4317 5.6577343 21.0 13.401142 2.0740494 
453959018.0000 214.0 238.74453 -1.585851 12.0 17.233808 -1.156928 
454563818.0000 237.0 212.75351 1.6764129 8.0 14.982115 -1.776859 
455168618.0000 151.0 171.11325 -1.516463 6.0 12.231434 -1.747729 
455773418.0000 759.0 136.64033 36.885906 125.0 9.8483247 20.216285 
456378218.0000 3135.0 466.55603 40.0 562.0 36.454231 40.0 
456983018.0000 350.0 178.88073 11.337235 43.0 13.235051 6.5931239 
457587818.0000 170.0 135.66072 2.8889389 24.0 9.7324953 4.0076284 
458192618.0000 582.0 221.29325 20.13693 71.0 15.607946 10.319346 
458797418.0000 344.0 241.79844 6.2145681 38.0 17.350967 4.4017124 
459402218.0000 179.0 182.55055 -0.214035 11.0 12.811432 -0.325043 
460007018.0000 134.0 160.97395 -2.134583 12.0 11.558536 0.3221107 
460611818.0000 117.0 129.09402 -1.021388 9.0 9.2435207 0.1392097 
461216618.0000 99.0 128.91481 -2.684639 9.0 9.2146415 0.148819 
461821418.0000 103.0 150.95533 -4.082696 6.0 10.900578 -1.386524 
462426218.0000 160.0 181.60147 -1.585125 13.0 12.841724 0.2286763 
463031018.0000 275.0 249.2716 1.6437099 15.0 17.903467 -0.540869 
463635818.0000 263.0 220.28016 2.8347299 20.0 15.629119 1.2156455 
464240618.0000 135.0 168.08409 -2.588531 7.0 11.987601 -1.340462 
464845418.0000 114.0 140.30853 -2.236769 9.0 10.085527 -0.132546 
465450218.0000 123.0 131.99327 -0.73273 3.0 9.4089031 -2.147795 
466055018.0000 164.0 137.64521 2.233803 9.0 9.748147 -0.025549 
466659818.0000 227.0 176.82322 3.6597898 17.0 12.503523 1.3765389 
467264618.0000 244.0 206.27992 2.5959749 15.0 14.535111 0.2939316 
467869418.0000 213.0 218.82438 -0.350088 7.0 15.781437 -2.27699 
468474218.0000 181.0 190.61735 -0.653565 7.0 13.373105 -1.701851 
469079018.0000 258.0 196.79458 4.2057719 16.0 14.121028 0.6599366 
469683818.0000 246.0 151.19549 7.1091613 16.0 10.856803 1.6367481 
470288618.0000 202.0 144.63229 4.547986 17.0 10.34291 2.0704011 
470893418.0000 183.0 175.83393 0.5864843 22.0 12.669982 2.5288918 
471498218.0000 185.0 192.20739 -0.474558 15.0 13.635322 0.5385707 
472103018.0000 235.0 256.56564 -1.323234 12.0 18.386138 -1.416229 
472707818.0000 215.0 260.63793 -2.872407 11.0 18.799614 -1.773287 
473312618.0000 184.0 211.4224 -1.881375 13.0 15.205392 -0.401964 
473917418.0000 158.0 137.53482 1.7588174 2.0 9.9701452 -2.765936 
474522218.0000 100.0 122.43864 -2.031225 9.0 9.0193376 0.2143435 
475127018.0000 209.0 159.75474 3.7667405 18.0 11.692368 1.8786641 
475731818.0000 223.0 184.25407 2.8086614 17.0 13.119623 1.1940366 
476336618.0000 235.0 211.27101 1.6477567 21.0 14.875143 1.6500136 
476941418.0000 274.0 259.23266 0.9494112 20.0 18.749465 0.4363467 
477546218.0000 255.0 216.48069 2.5887756 21.0 15.228857 1.552613 
478151018.0000 176.0 180.44061 -0.281973 15.0 13.078252 0.6955422 
478755818.0000 104.0 129.82307 -2.286177 5.0 9.4043483 -1.320998 
479360618.0000 100.0 122.74089 -2.057676 9.0 8.806859 0.2867232 
479965418.0000 127.0 149.05053 -1.796498 4.0 10.720989 -2.092118 
480570218.0000 184.0 180.05354 0.3423979 14.0 12.684156 0.5444741 
481175018.0000 232.0 236.90631 -0.276303 31.0 16.68695 3.2616236 
481779818.0000 256.0 243.57417 0.8316376 18.0 17.235536 0.34088 
482384618.0000 148.0 180.09291 -2.415778 11.0 12.685374 -0.290169 
482989418.0000 145.0 149.8246 -0.341335 2.0 10.821144 -2.987689 
483594218.0000 83.0 121.62339 -3.650134 5.0 8.7283496 -1.111343 
484199018.0000 89.0 125.5587 -3.37835 3.0 9.0629625 -2.047551 
484803818.0000 151.0 138.13658 1.1333481 20.0 9.9871454 2.9547867 
485408618.0000 209.0 184.5272 1.8111121 10.0 13.050233 -0.682715 
486013418.0000 198.0 237.98313 -2.624434 9.0 17.222244 -1.990453 
486618218.0000 187.0 205.45762 -1.259955 7.0 14.446572 -1.965699 
487223018.0000 225.0 167.65353 4.2540187 10.0 11.996193 -0.39173 
487827818.0000 149.0 125.14878 2.1257906 12.0 8.6318559 1.2866954 
488432618.0000 105.0 114.93246 -0.876521 4.0 8.6587266 -1.493691 
489037418.0000 104.0 131.56338 -2.43311 2.0 9.5183897 -2.643559 
489642218.0000 92.0 138.12469 -4.116943 3.0 9.8504819 -2.272485 
490247018.0000 166.0 222.06158 -3.891186 7.0 15.701692 -2.258871 
490851818.0000 101.0 171.14788 -5.751113 4.0 11.936398 -2.411419 
491456618.0000 149.0 186.36354 -2.784947 12.0 13.100894 -0.120466 
492061418.0000 96.0 123.47009 -2.50909 4.0 8.9286584 -1.576817 
492666218.0000 86.0 127.74558 -3.862329 3.0 9.1814756 -2.082157 
493271018.0000 70.0 128.65408 -5.595873 1.0 9.2642278 -3.098481 
493875818.0000 96.0 154.6965 -5.016668 3.0 11.174258 -2.626803 
494480618.0000 130.0 189.10897 -4.503767 1.0 13.362227 -4.079168 
495085418.0000 150.0 242.80958 -6.363932 3.0 17.489805 -4.03788 
495690218.0000 129.0 214.99308 -6.287901 4.0 15.246921 -3.190176 
496295018.0000 118.0 168.90831 -4.086863 4.0 12.020211 -2.432677 
496899818.0000 273.0 276.40612 -0.16506 17.0 20.113426 -0.55781 
497504618.0000 104.0 110.29663 -0.540856 3.0 7.894556 -1.690146 
498109418.0000 115.0 119.01487 -0.308424 8.0 8.4405756 0.0785133 
498714218.0000 103.0 131.61781 -2.531872 4.0 9.3248195 -1.695976 
499319018.0000 122.0 153.21711 -2.558325 5.0 10.861149 -1.742018 
499923818.0000 84.0 165.94848 -6.973823 4.0 12.090683 -2.450481 
500528618.0000 93.0 141.78385 -4.310742 1.0 9.9795188 -3.285624 
501133418.0000 149.0 167.60693 -1.411878 7.0 11.922163 -1.322744 
501738218.0000 136.0 148.81201 -1.009826 8.0 10.687549 -0.640533 
502343018.0000 151.0 148.95033 0.2219483 14.0 10.678513 1.157142 
502947818.0000 168.0 175.93013 -0.551527 13.0 12.678766 0.2749266 
503552618.0000 137.0 142.45419 -0.403466 4.0 10.096895 -1.919316 
504157418.0000 233.0 231.27348 0.157121 13.0 16.61392 -0.74725 
504762218.0000 135.0 175.25335 -3.115601 15.0 12.492674 0.8655149 
505367018.0000 191.0 170.72291 1.5719491 27.0 12.07306 3.8390121 
505971818.0000 189.0 148.62498 3.2275948 29.0 10.67101 4.7683258 
506576618.0000 179.0 128.42076 4.263278 23.0 9.2633504 3.9551663 
507181418.0000 153.0 129.77261 2.0380051 16.0 9.3814926 2.1460182 
507786218.0000 176.0 174.01062 0.2008788 18.0 12.510733 1.6238924 
508391018.0000 211.0 200.34214 0.7928276 19.0 14.147944 1.3870773 
508995818.0000 252.0 249.85481 0.1775808 6.0 18.076637 -3.093307 
509600618.0000 240.0 191.4033 3.4228735 20.0 13.469111 1.8198307 
510205418.0000 211.0 156.11235 4.216021 12.0 11.306349 0.3981873 
510810218.0000 202.0 125.32245 6.3369722 26.0 9.0880279 4.7244763 
511415018.0000 331.0 126.62728 15.12235 51.0 9.0877866 9.7259273 
512019818.0000 364.0 153.9765 14.404194 59.0 11.030715 10.214408 
512624618.0000 669.0 184.06283 27.543399 100.0 12.944259 15.419379 
513834218.0000 323.0 231.21934 5.7306709 30.0 16.423942 3.136249 
514439018.0000 212.0 173.09965 2.9029073 11.0 12.286403 -0.178251 
515043818.0000 194.0 148.13534 3.6459271 17.0 10.751303 1.9320179 
515648618.0000 230.0 126.46229 8.2997922 16.0 9.1182699 2.2426638 
516253418.0000 284.0 134.16557 11.283059 34.0 9.6995925 6.2022686 
516858218.0000 467.0 159.76452 19.719528 91.0 11.536502 14.831176 
517463018.0000 313.0 199.14988 7.480556 25.0 14.180414 2.7396936 
518067818.0000 287.0 242.77159 2.7990744 13.0 17.581598 -0.973443 
519277418.0000 192.0 168.18519 1.8448078 16.0 12.073369 1.25179 
519882218.0000 381.0 121.35298 18.817745 57.0 8.7552366 10.944553 
520487018.0000 134.0 81.882858 5.3332185 11.0 5.9075074 2.0949585 
521091818.0000 438.0 128.33946 21.39455 58.0 9.3073988 10.839279 
522301418.0000 495.0 227.41906 15.358902 62.0 16.134761 8.7806301 
522906218.0000 361.0 234.62236 7.6773262 31.0 16.735166 3.2483344 
523511018.0000 285.0 181.79222 7.1051478 50.0 12.832097 7.9750161 
524115818.0000 177.0 152.89634 1.9528356 13.0 11.085551 0.7497877 
524720618.0000 220.0 127.46437 7.4715032 26.0 9.1346931 4.7053403 
525325418.0000 231.0 126.87976 8.3307228 25.0 9.1342535 4.4757809 
525930218.0000 185.0 157.17128 2.2093389 16.0 11.338779 1.4808462 
526535018.0000 252.0 184.68756 4.735146 20.0 13.01874 1.9541053 
527139818.0000 464.0 175.91323 18.034273 71.0 12.780984 11.380341 
527744618.0000 444.0 209.90678 14.074804 41.0 14.814282 5.7037048 
528349418.0000 207.0 170.59297 2.7443912 12.0 12.084159 0.1670661 
528954218.0000 194.0 139.9676 4.3635325 11.0 9.9740047 0.5236209 
529559018.0000 178.0 130.64384 3.9776914 20.0 9.3229599 3.2020237 
530163818.0000 274.0 142.46577 9.8099899 28.0 10.179826 4.7378201 
530768618.0000 291.0 172.01911 8.289999 41.0 12.209548 6.5925712 
531373418.0000 325.0 207.33682 7.5794558 24.0 14.695041 2.371608 
531978218.0000 205.0 238.14823 -2.155873 8.0 17.113197 -2.263299 
532583018.0000 181.0 206.26637 -1.748941 14.0 14.575264 0.0243153 
533187818.0000 237.0 185.34861 3.6810107 52.0 13.264671 8.1575584 
533792618.0000 323.0 148.04718 12.455067 59.0 10.609206 10.399418 
534397418.0000 150.0 147.33512 0.2735051 7.0 10.597936 -0.949812 
535002218.0000 228.0 171.02195 4.1902871 19.0 12.234935 1.9542152 
535607018.0000 290.0 212.65893 5.0645265 38.0 15.312896 4.9974246 
536211818.0000 749.0 271.15878 23.827518 135.0 19.551048 17.134693 
536816618.0000 652.0 252.64759 20.949138 78.0 18.19437 10.465624 
537421418.0000 818.0 197.03378 32.998558 126.0 14.22773 18.145719 
538631018.0000 956.0 171.66122 40.0 159.0 12.522699 22.780386 
539235818.0000 876.0 264.56323 29.604877 120.0 18.986696 15.592551 
539840618.0000 574.0 216.3543 20.153942 49.0 15.495837 6.8873338 
540445418.0000 736.0 205.28985 28.632753 77.0 14.660923 11.537894 
541050218.0000 1102.0 238.4799 40.0 186.0 17.269289 23.456319 
541655018.0000 680.0 191.38382 27.363721 85.0 13.54926 13.111718 
542259818.0000 331.0 163.56578 11.521579 35.0 11.90215 5.5523142 
542864618.0000 49.0 32.065818 2.8761153 7.0 2.3500511 2.7537779 
545888618.0000 6118.0 448.23272 40.0 1379.0 31.918758 40.0 
546493418.0000 1032.0 275.58575 34.845993 182.0 19.633474 22.114675 
547098218.0000 916.0 212.04559 35.70396 249.0 15.421838 30.368539 
547703018.0000 610.0 216.77825 21.844665 139.0 15.701029 19.047994 
548307818.0000 156.0 43.613304 13.216013 44.0 3.1833879 12.384373 
548912618.0000 393.0 168.49763 14.758726 61.0 12.151198 10.072249 
549517418.0000 1277.0 125.54483 40.0 338.0 8.8321542 40.0 
550122218.0000 717.0 260.05529 23.277837 106.0 18.547306 14.040474 
550727018.0000 709.0 386.14645 14.722647 82.0 27.160678 8.5487928 
551331818.0000 613.0 177.20164 25.528522 103.0 12.713808 15.91939 
551936618.0000 48.0 22.957155 4.66328 8.0 1.6229199 3.8880002 
552541418.0000 334.0 125.83858 15.397924 52.0 9.1219482 9.8876047 
553146218.0000 522.0 228.55766 16.627494 62.0 16.613113 8.6249637 
553751018.0000 558.0 284.28533 14.356356 66.0 20.843956 7.9655571 
554355818.0000 772.0 439.10867 14.358657 76.0 31.795927 6.7272305 
554960618.0000 314.0 156.05535 11.142642 37.0 11.283112 6.1747818 
555565418.0000 124.0 49.900547 8.8773679 22.0 3.6201524 6.7273421 
556170218.0000 156.0 89.343063 6.4304094 19.0 6.5315733 4.1420874 
556775018.0000 66.0 62.497295 0.5219524 3.0 4.5252642 -0.417787 
557379818.0000 80.0 117.93248 -3.642404 3.0 8.5122346 -1.882924 
557984618.0000 165.0 200.37257 -2.52862 2.0 14.357148 -3.812095 
558589418.0000 98.0 109.57582 -1.060478 3.0 7.7947611 -1.65812 
559799018.0000 3.0 1.4846452 1.5241942 0.0 0.0109085 0.0 
560403818.0000 143.0 116.25225 2.451895 4.0 8.3807716 -1.406352 
561008618.0000 40.0 30.627014 1.7278935 8.0 2.1395297 3.3631379 
562218218.0000 176.0 133.15464 3.5898087 16.0 9.5087242 2.0999836 
562823018.0000 128.0 102.98379 2.4358255 12.0 7.3252139 1.7915407 
563427818.0000 217.0 119.39202 8.0567703 20.0 8.5474329 3.5071461 
564032618.0000 194.0 125.47614 5.710915 27.0 8.9728002 4.9992384 
564637418.0000 46.0 32.293857 2.3713388 10.0 2.3520271 3.9696679 
565242218.0000 419.0 180.20228 15.187747 60.0 12.891108 9.6183357 
565847018.0000 282.0 170.3993 7.8490991 24.0 12.219078 3.1286075 
566451818.0000 522.0 251.95706 14.878676 43.0 18.359502 5.0097527 
567056618.0000 448.0 250.16288 11.27852 48.0 18.213117 5.9002008 
567661418.0000 378.0 303.37799 4.1603651 22.0 21.632267 0.2211244 
568266218.0000 168.0 177.57374 -0.674222 13.0 12.804197 0.239292 
568871018.0000 204.0 425.42584 -10.0 18.0 52.891773 -5.442759 
569475818.0000 135.0 318.23178 -10.0 6.0 39.291725 -6.461694 
570080618.0000 192.0 293.35995 -6.275917 19.0 35.846794 -2.960729 
570685418.0000 154.0 235.40858 -5.617636 10.0 28.567539 -3.851553 
571290218.0000 137.0 226.91189 -6.396299 6.0 27.756734 -4.823157 
571895018.0000 264.0 418.07904 -8.041399 35.0 51.488399 -2.336917 
572499818.0000 228.0 369.24285 -7.877848 6.0 45.249877 -7.198089 
573104618.0000 191.0 411.7211 -10.0 7.0 51.500228 -7.658076 
573709418.0000 186.0 286.25924 -6.290288 9.0 34.623642 -5.032872 
574314218.0000 179.0 233.08448 -3.647695 13.0 28.765327 -3.143846 
574919018.0000 151.0 195.51115 -3.265936 12.0 23.838611 -2.518898 
575523818.0000 158.0 198.81469 -2.952741 20.0 24.043815 -0.706574 
576128618.0000 299.0 229.10572 4.4492125 22.0 27.598632 -0.970016 
576733418.0000 117.0 145.29286 -2.371497 15.0 17.605562 -0.471482 
577943018.0000 70.0 103.393 -3.416746 1.0 12.270095 -3.837148 
578547818.0000 158.0 251.24998 -6.270417 15.0 30.776439 -3.014327 
579152618.0000 137.0 206.69612 -5.11551 10.0 25.489288 -3.331565 
579757418.0000 116.0 199.56675 -6.368353 12.0 24.307235 -2.605805 
580362218.0000 136.0 218.68006 -5.962749 10.0 26.971303 -3.586494 
580967018.0000 91.0 201.43302 -10.0 10.0 24.45701 -3.148505 
581571818.0000 109.0 211.05691 -7.694446 10.0 25.070051 -3.257786 
582176618.0000 226.0 351.71865 -7.137383 15.0 42.598236 -4.751086 
582781418.0000 162.0 295.69259 -10.0 15.0 35.220497 -3.709253 
583386218.0000 146.0 238.93588 -6.4339 5.0 29.059577 -5.3282 
583991018.0000 161.0 192.23944 -2.268081 13.0 23.59412 -2.223681 
584595818.0000 281.0 351.91323 -3.881219 31.0 44.400528 -2.016876 
585200618.0000 269.0 425.2326 -8.076571 22.0 54.680637 -4.913996 
585805418.0000 308.0 605.88037 -10.0 10.0 79.244056 -10.0 
586410218.0000 248.0 328.44409 -4.601568 21.0 40.698104 -3.281145 
587015018.0000 297.0 381.33364 -4.457914 23.0 46.350555 -3.684502 
587619818.0000 165.0 256.77435 -6.08514 10.0 31.33098 -4.28967 
588224618.0000 149.0 198.32431 -3.613771 11.0 24.567726 -2.907536 
588829418.0000 142.0 183.83335 -3.162199 9.0 23.094547 -3.171134 
589434218.0000 156.0 232.02139 -5.260129 11.0 28.541427 -3.593842 
590039018.0000 129.0 217.28668 -6.432224 12.0 26.63548 -3.0226 
590643818.0000 178.0 323.6838 -10.0 19.0 38.689624 -3.384508 
591248618.0000 54.0 72.819213 -2.227275 5.0 8.7453603 -1.116745 
591853418.0000 174.0 179.4665 -0.359953 9.0 21.800128 -2.928722 
592458218.0000 225.0 249.69461 -1.546188 12.0 30.121027 -3.60583 
593063018.0000 149.0 188.95352 -2.967305 17.0 23.25284 -1.211683 
593667818.0000 150.0 194.7677 -3.292722 8.0 23.656099 -3.553063 
594272618.0000 125.0 200.43255 -5.675377 15.0 24.650287 -1.943072 
594877418.0000 177.0 208.1407 -2.167561 17.0 24.823007 -1.51716 
595482218.0000 152.0 206.39868 -3.923628 15.0 24.893543 -1.988672 
596087018.0000 218.0 293.48397 -4.576382 11.0 35.686924 -4.692176 
596691818.0000 189.0 311.34307 -7.440422 4.0 37.591644 -6.82545 
597296618.0000 148.0 269.40911 -8.041399 7.0 32.518276 -5.258524 
597901418.0000 117.0 250.49316 -10.0 7.0 30.678129 -4.985656 
598506218.0000 278.0 388.24777 -5.860138 34.0 49.96149 -2.292833 
599111018.0000 279.0 459.60086 -10.0 18.0 58.718612 -6.114526 
599715818.0000 445.0 573.35192 -5.551739 48.0 70.632133 -2.771733 
600320618.0000 363.0 520.77368 -7.283673 23.0 65.149246 -5.923554 
600925418.0000 327.0 412.18069 -4.319128 21.0 51.188613 -4.671942 
601530218.0000 262.0 303.39587 -2.394022 15.0 37.291542 -4.014388 
602135018.0000 181.0 250.09886 -4.551762 14.0 30.601785 -3.213067 
602739818.0000 107.0 163.38197 -4.651352 9.0 19.893859 -2.554746 
603344618.0000 127.0 228.54557 -7.286466 12.0 28.125173 -3.277376 
603949418.0000 147.0 289.01742 -10.0 12.0 35.364059 -4.408908 
604554218.0000 179.0 366.69659 -10.0 7.0 45.235878 -6.933834 
605159018.0000 189.0 389.29995 -10.0 14.0 48.423042 -5.705307 
605763818.0000 198.0 267.68066 -4.422829 17.0 32.46109 -2.84822 
606368618.0000 147.0 222.65145 -5.357245 24.0 27.29113 -0.511168 
606973418.0000 143.0 201.73468 -4.313329 15.0 24.4304 -1.901602 
607578218.0000 165.0 206.74794 -2.960974 19.0 25.010118 -1.1116 
608183018.0000 175.0 238.71655 -4.284268 14.0 28.824773 -2.918934 
608787818.0000 50.0 68.532249 -2.264869 5.0 8.3453216 -0.987864 
609997418.0000 83.0 149.98146 -5.914417 8.0 17.861949 -2.425046 
610602218.0000 212.0 245.834 -2.166107 26.0 30.206001 -0.657733 
611207018.0000 124.0 201.27075 -5.81275 8.0 24.819589 -3.758199 
611811818.0000 143.0 196.54309 -3.963832 9.0 23.934427 -3.32393 
612416618.0000 330.0 249.11294 4.9182925 49.0 30.887657 3.1042084 
613021418.0000 348.0 240.36073 6.5411653 39.0 28.849552 1.9059994 
613626218.0000 407.0 338.83392 3.6227049 47.0 39.382568 1.2782784 
614231018.0000 342.0 374.06549 -1.647124 32.0 45.285491 -1.975659 
614835818.0000 215.0 287.27182 -4.42196 22.0 34.450893 -2.144546 
615440618.0000 177.0 235.13691 -3.919116 21.0 28.647466 -1.364862 
616045418.0000 145.0 189.71319 -3.335978 17.0 23.390094 -1.238911 
616650218.0000 230.0 362.8421 -7.441891 22.0 46.186908 -3.8469 
617255018.0000 258.0 423.25076 -10.0 21.0 53.985164 -5.011993 
617859818.0000 364.0 547.22644 -10.0 27.0 69.7528 -5.748819 
618464618.0000 332.0 429.39349 -4.862341 35.0 53.946064 -2.655619 
619069418.0000 148.0 220.85365 -5.167189 14.0 26.866956 -2.581294 
619674218.0000 34.0 62.99504 -3.906967 2.0 7.5624494 -2.068272 
620279018.0000 128.0 186.96008 -4.52069 7.0 23.269357 -3.773963 
620883818.0000 150.0 162.18533 -0.915664 18.0 20.03099 -0.308606 
621488618.0000 110.0 190.76109 -6.299927 9.0 23.209447 -3.192239 
622093418.0000 126.0 224.43495 -7.116239 12.0 27.345968 -3.145196 
622698218.0000 158.0 279.24905 -7.862189 6.0 33.521686 -5.683737 
623907818.0000 132.0 206.12625 -5.478212 15.0 25.050869 -2.018012 
624512618.0000 133.0 237.3321 -7.339575 8.0 28.777509 -4.414996 
625117418.0000 109.0 197.51985 -6.831599 6.0 24.083019 -4.21772 
625722218.0000 89.0 195.90371 -10.0 5.0 23.747381 -4.474689 
626327018.0000 113.0 220.10696 -7.91652 4.0 27.138956 -5.353776 
626931818.0000 126.0 226.65458 -7.25174 5.0 27.157388 -5.034084 
627536618.0000 139.0 271.94674 -10.0 8.0 32.909023 -5.044507 
628141418.0000 180.0 340.4497 -10.0 14.0 41.653713 -4.838568 
628746218.0000 209.0 321.29238 -6.654039 21.0 38.527774 -2.965893 
629351018.0000 95.0 116.42729 -1.986455 11.0 14.332233 -0.728954 
629955818.0000 184.0 254.44613 -4.602132 40.0 31.58897 1.5470252 
630560618.0000 280.0 428.60559 -7.630885 45.0 55.676086 -1.385718 
631165418.0000 315.0 479.82998 -7.991573 56.0 60.810554 -0.537821 
631770218.0000 431.0 600.00128 -7.238644 84.0 73.964149 1.2165538 
632375018.0000 350.0 464.13607 -5.507283 63.0 57.979335 0.7355503 
632979818.0000 278.0 375.90924 -5.259531 32.0 45.562034 -2.014639 
633584618.0000 189.0 282.13394 -5.857017 33.0 33.964149 -0.05106 
634189418.0000 154.0 230.42572 -5.31122 19.0 28.213243 -1.704571 
634794218.0000 88.0 140.945 -4.730412 12.0 17.168775 -1.141963 
635399018.0000 125.0 241.68344 -8.209536 12.0 29.82711 -3.55833 
636003818.0000 185.0 256.42282 -4.650141 21.0 31.023586 -1.778997 
636608618.0000 228.0 382.51483 -10.0 48.0 47.518959 0.1659844 
637213418.0000 226.0 365.81109 -7.829838 28.0 44.877407 -2.59522 
637818218.0000 172.0 260.15313 -5.781641 21.0 31.634058 -1.882049 
638423018.0000 158.0 218.35253 -4.248653 19.0 26.629396 -1.417174 
639027818.0000 167.0 210.07128 -3.033926 20.0 25.228637 -0.938894 
639632618.0000 200.0 210.25991 -0.6668 23.0 25.428138 -0.353706 
640237418.0000 157.0 226.73338 -4.856194 10.0 27.491411 -3.673898 
