7621.89
6861.41
2372.91
4964.23
5449.81
7946.9
3615.11
6134.71
2137.26
7860.59
858.71
3795.64
5611.79
5941.24
5828.63
3897.66
1113.83
5814.1
9218.55
7358.65
6534.68
1832.54
3155.24
1557.96
6819.88
4316.42
1688.32
3633.46
8653.28
4083.44
8481.84
2952.5
8578.69
5601.65
7208.59
7020.02
9550.94
951.071
3786.31
5181.64
5618.46
5564.47
3999.11
2039.44
10094.4
10319
5656.13
7000.07
7777.58
7608.48
6338.07
10615.5
1822.24
2887.25
8311.68
11076
4618.93
11097.9
7891.73
2263.15
6830.48
3845.23
8051.5
1814.58
1650.76
9152.57
8775.15
3548.13
5523.54
2881.64
6779.73
5169.2
7594.35
2426.15
8720.09
4315.06
8994.39
2463.92
11369.8
7262.24
9529.08
7108.15
5593.84
12447.5
7972.59
5494.5
1586.41
12170.5
8408.55
3739.17
5750.06
2434
7045.26
4879.73
3435.34
2874.7
5681.06
1598.39
4394.51
3243.41
3709.1
2465.8
7266.77
810.539
2927.18
7674.34
5530.04
10773.6
3849.63
4452.29
11125.7
7295.73
9444.21
8447.15
14175.1
9658.02
4318.83
4512.53
11241.7
2203.51
3767.81
2828.03
5271.15
4927.67
11827.5
5302.01
4902.99
5602.83
3019.97
1904.77
10187.1
6706.01
10030.9
4734.25
2624.57
7792.05
1360.83
4548.53
2801.85
863.514
10612
4429.56
8185.55
12331.7
7722.14
9324.02
2269.77
1097.73
5686.68
1374.25
4169.11
2685.51
4657.3
1677.87
3624.49
3661.86
3658.52
1652.78
9242.35
10707.8
2087.74
11814.3
3930.64
3837.51
9726.16
2077.07
4594.24
7840.18
2887.33
6295.67
3327.2
5632.28
3436.95
7396.98
5299.68
9328.93
6454.67
5351.44
8292.51
3379.82
10895.4
5235.14
1621.39
5936.26
2497.93
6697
9066.44
10096.8
3796.76
2822.5
5762.78
8548.48
9721.13
5499.99
7381.82
6931.25
2659.32
6083.75
7765.78
5761.24
1344.74
2601.23
7374.52
1718.25
10520.2
3224.93
5444.04
7747.25
4672.42
8917.27
4067.4
4049.25
5987.48
10981.3
2822.18
3877.85
1190.56
5731.95
4159.36
3991.48
8435.75
8036.2
8019.18
9124.39
6272.36
5509.74
7814.85
5765.77
2633.36
7562.51
7626.2
6479.87
8554.87
3738.91
1302.22
3683.38
7974.45
4705.75
9147.05
3766.71
5670.99
5882.48
5604.36
5572.4
8104.99
5452.17
1799.81
12198.1
3871.33
4145.51
8395.31
4654.26
5332.42
4011.51
5437.8
3019.14
5300.86
6857.56
3163.7
5192.01
8287.28
7763.64
3358.33
4205.91
4086.63
9952.92
9253.61
869.913
7553.88
5112.93
9141.87
2396.52
6408.18
5113.29
12474.5
5180.37
10099.4
8854.97
5167.97
3449.51
9923.98
5586.1
6955.31
4861.99
1139.36
4059.35
3701.11
2729.9
7848.64
10320.6
11395.9
1996.91
3307.19
8211.59
1084.04
3196.82
1483.761
504.8283
737.9900
961.6456
