#time nev avnev sigma he_nev he_avnev he_sigma
239859818.0000 103.0 100.63939 0.3003695 2.0 1.0085096 1.3925807 
240464618.0000 97.0 109.38201 -1.141402 2.0 0.974639 1.4346308 
241069418.0000 116.0 101.16851 1.5042084 1.0 0.8491069 0.8100422 
241674218.0000 60.0 71.544426 -1.321406 2.0 0.7185524 1.7936123 
242279018.0000 58.0 58.9262 -0.033806 0.0 0.5702492 0.1646353 
242883818.0000 70.0 81.683868 -1.2485 0.0 0.7958917 -0.122683 
243488618.0000 95.0 108.21183 -1.230803 0.0 0.9007748 -0.237189 
244093418.0000 90.0 108.31879 -1.746064 0.0 1.0429623 -0.378824 
244698218.0000 93.0 105.5399 -1.178809 1.0 1.0455794 0.5798639 
245303018.0000 108.0 114.47873 -0.548027 0.0 0.9556104 -0.29348 
245907818.0000 138.0 95.862564 4.0962405 0.0 0.8544226 -0.187769 
246512618.0000 68.0 62.998699 0.7041081 0.0 0.6097369 0.1092397 
247117418.0000 66.0 63.784618 0.3583845 0.0 0.6155536 0.1012944 
247722218.0000 91.0 98.956398 -0.742288 0.0 0.882632 -0.218056 
248327018.0000 106.0 115.35903 -0.819992 0.0 0.9861174 -0.323859 
248931818.0000 106.0 113.17918 -0.618317 0.0 1.1528843 -0.479687 
249536618.0000 97.0 114.487 -1.613489 1.0 1.0832225 0.5393489 
250141418.0000 132.0 114.08689 1.695608 1.0 0.9325423 0.7080911 
250746218.0000 77.0 79.7966 -0.239566 0.0 0.7744036 -0.097968 
251351018.0000 62.0 61.12585 0.1963864 0.0 0.573831 0.1595012 
251955818.0000 60.0 75.915786 -1.815013 1.0 0.7441294 0.9491161 
252560618.0000 104.0 103.29572 0.1346473 1.0 0.8950911 0.7530099 
253165418.0000 97.0 116.30584 -1.778333 1.0 1.079153 0.5436805 
253770218.0000 103.0 109.04632 -0.519612 0.0 1.0716358 -0.405791 
254375018.0000 124.0 113.67105 1.0155801 1.0 1.017717 0.6105205 
254979818.0000 113.0 100.45238 1.2913669 0.0 0.8701384 -0.204724 
255584618.0000 78.0 65.33448 1.5982432 1.0 0.6593579 1.0722324 
256189418.0000 64.0 63.087604 0.1981081 1.0 0.6238498 1.1272635 
256794218.0000 74.0 90.393119 -1.706485 0.0 0.8409023 -0.173011 
257399018.0000 92.0 113.70131 -2.039265 2.0 0.9210489 1.5034059 
258003818.0000 100.0 110.54235 -0.954067 2.0 1.0959576 1.2885862 
258608618.0000 30.0 34.0158 -0.584467 0.0 0.3326672 0.5739781 
259213418.0000 108.0 110.19055 -0.145527 2.0 0.9224501 1.5015708 
259818218.0000 76.0 85.97512 -1.023214 1.0 0.8247037 0.8412139 
260423018.0000 62.0 60.052455 0.3351327 0.0 0.5703558 0.1644821 
261027818.0000 90.0 68.96627 2.492243 0.0 0.6370725 0.07235 
261632618.0000 123.0 105.81747 1.6899355 0.0 0.8952458 -0.231386 
262237418.0000 128.0 118.11268 0.9573867 1.0 1.0171042 0.6112014 
262842218.0000 131.0 103.07687 2.6995217 2.0 1.0286922 1.3680129 
263447018.0000 108.0 104.37331 0.4175373 1.0 1.0001481 0.6301578 
264051818.0000 92.0 102.5856 -0.996033 0.0 0.9239068 -0.26121 
264656618.0000 55.0 72.994636 -2.118485 0.0 0.7396836 -0.057019 
265261418.0000 59.0 56.779716 0.3801709 0.0 0.5475054 0.1977784 
265866218.0000 72.0 77.621948 -0.56877 0.0 0.7764562 -0.100349 
266471018.0000 106.0 110.36296 -0.353913 1.0 0.9133481 0.7309483 
267075818.0000 111.0 110.5974 0.1015537 1.0 1.0353726 0.5910265 
267680618.0000 100.0 108.32664 -0.74509 1.0 1.0743447 0.5488134 
268285418.0000 125.0 118.97359 0.6081496 2.0 1.0245659 1.3730069 
268890218.0000 103.0 95.675689 0.8062039 0.0 0.8426946 -0.174977 
269495018.0000 54.0 60.881385 -0.810998 0.0 0.5812417 0.1489501 
270099818.0000 64.0 54.855892 1.2884436 1.0 0.5262888 1.2914226 
270704618.0000 81.0 86.247856 -0.497898 1.0 0.7938426 0.8816012 
271309418.0000 122.0 110.26234 1.1604148 1.0 0.979084 0.6540272 
271914218.0000 68.0 94.983673 -2.84307 0.0 0.8815622 -0.216919 
272519018.0000 79.0 102.45629 -2.344514 2.0 0.942451 1.4755958 
273123818.0000 105.0 100.33297 0.5280271 2.0 0.8752806 1.5645135 
273728618.0000 70.0 68.117553 0.3071173 0.0 0.5821042 0.1477283 
274333418.0000 68.0 59.655723 1.1395168 0.0 0.51432 0.2479333 
274938218.0000 56.0 58.252948 -0.208845 1.0 0.4791524 1.3789897 
275543018.0000 69.0 67.741424 0.2329478 0.0 0.7223492 -0.036077 
276147818.0000 63.0 71.950485 -0.996672 0.0 0.674804 0.0232039 
276752618.0000 61.0 78.888801 -2.017669 0.0 0.6170585 0.0992474 
277357418.0000 83.0 79.3572 0.4796667 1.0 0.7235056 0.9780873 
277962218.0000 102.0 78.892402 2.5574944 0.0 0.8272221 -0.157914 
278567018.0000 54.0 57.113918 -0.326292 1.0 0.4395305 1.4577511 
279171818.0000 63.0 58.314975 0.690833 1.0 0.4654378 1.4056772 
279776618.0000 66.0 61.739864 0.61925 0.0 0.5233147 0.2341174 
280381418.0000 87.0 84.663414 0.3246219 0.0 0.9147081 -0.251707 
280986218.0000 86.0 85.45475 0.1308589 0.0 0.6932398 -0.000116 
281591018.0000 74.0 81.592102 -0.778195 0.0 0.6528813 0.0515182 
282195818.0000 92.0 93.49324 -0.085614 2.0 0.9514986 1.4639786 
282800618.0000 85.0 75.044212 1.1993029 0.0 0.6600093 0.0422405 
283405418.0000 66.0 65.063797 0.1980257 1.0 0.5569321 1.2375918 
284010218.0000 75.0 64.830062 1.3113132 2.0 0.5647612 2.0583696 
284615018.0000 67.0 71.556671 -0.464275 0.0 0.6971828 -0.005047 
285219818.0000 80.0 85.194435 -0.495129 0.0 0.8560301 -0.189513 
285824618.0000 84.0 88.202041 -0.379095 1.0 0.7724344 0.9102887 
286429418.0000 82.0 82.859024 -0.021121 0.0 0.7381565 -0.055188 
287034218.0000 102.0 88.281921 1.4924298 0.0 0.9085325 -0.245291 
287639018.0000 55.0 63.461757 -1.000072 0.0 0.5362253 0.2145787 
288243818.0000 59.0 62.497528 -0.360964 1.0 0.5534472 1.2436009 
288848618.0000 76.0 64.366821 1.4883917 0.0 0.5261906 0.2297356 
289453418.0000 65.0 84.582153 -2.142362 1.0 0.9301548 0.7109159 
290058218.0000 71.0 77.239059 -0.642122 1.0 0.7038662 1.0062401 
290663018.0000 98.0 76.650032 2.4075915 0.0 0.59581 0.1284812 
291267818.0000 64.0 78.195022 -1.578106 1.0 0.7539584 0.9355136 
291872618.0000 67.0 73.035537 -0.636388 1.0 0.7579429 0.930036 
292477418.0000 140.0 95.496704 4.3161721 0.0 0.7381638 -0.055196 
293082218.0000 89.0 59.898101 3.5811963 0.0 0.473534 0.312836 
293687018.0000 91.0 64.828552 3.1368188 2.0 0.564279 2.0592813 
294291818.0000 81.0 94.188438 -1.320929 0.0 0.9617526 -0.299649 
294896618.0000 98.0 85.613067 1.3774629 1.0 0.6874127 1.0302703 
295501418.0000 76.0 84.676376 -0.885007 0.0 0.667432 0.0326529 
296106218.0000 98.0 97.206405 0.1478028 3.0 0.9545285 2.1363384 
296711018.0000 66.0 67.241958 -0.07025 0.0 0.6106742 0.1079558 
297315818.0000 57.0 60.459041 -0.362069 0.0 0.5089666 0.2562379 
297920618.0000 50.0 61.885921 -1.473575 0.0 0.5105447 0.2537834 
298525418.0000 68.0 69.678131 -0.12148 2.0 0.7038688 1.8169292 
299130218.0000 77.0 80.887664 -0.360653 1.0 0.7944847 0.8807494 
299735018.0000 99.0 77.459503 2.4158809 0.0 0.6039484 0.1171992 
300339818.0000 70.0 76.764038 -0.705696 1.0 0.675003 1.0486742 
300944618.0000 62.0 78.963233 -1.903893 1.0 0.8614827 0.7944793 
301549418.0000 64.0 58.944946 0.7340231 0.0 0.4745284 0.311207 
302154218.0000 65.0 63.111965 0.3196172 0.0 0.5560175 0.1852625 
302759018.0000 67.0 60.99538 0.8396953 1.0 0.4953826 1.348138 
303363818.0000 85.0 80.028564 0.6232879 3.0 0.870665 2.255249 
303968618.0000 75.0 77.239112 -0.179567 0.0 0.6667696 0.0335054 
304573418.0000 80.0 77.688354 0.3359226 0.0 0.6054681 0.1151045 
305178218.0000 74.0 80.199768 -0.625362 0.0 0.7998409 -0.127176 
305783018.0000 62.0 65.72258 -0.380056 1.0 0.6571092 1.0756522 
306387818.0000 56.0 60.679733 -0.521219 0.0 0.5006131 0.2693215 
306992618.0000 136.0 110.78649 2.3718724 2.0 1.2158144 1.1554144 
307597418.0000 58.0 66.489616 -0.979587 3.0 0.6285026 2.6559827 
308202218.0000 76.0 84.971069 -0.91649 0.0 0.9013684 -0.237811 
308807018.0000 79.0 78.473831 0.1343897 0.0 0.6211814 0.0936571 
309411818.0000 107.0 76.835815 3.3153605 6.0 0.6173588 4.4672985 
310016618.0000 99.0 87.440422 1.2790588 3.0 0.9407783 2.1552822 
310621418.0000 60.0 62.80957 -0.27203 2.0 0.5374732 2.1109328 
311226218.0000 50.0 57.353183 -0.901386 0.0 0.4884598 0.2886376 
311831018.0000 53.0 63.136241 -1.22414 0.0 0.5280077 0.2269759 
312435818.0000 68.0 80.111534 -1.311568 1.0 0.7863724 0.8915472 
313040618.0000 70.0 87.525337 -1.86571 2.0 0.7727891 1.7104609 
313645418.0000 74.0 89.82283 -1.648184 0.0 0.7185326 -0.03142 
314250218.0000 88.0 90.298339 -0.17226 2.0 0.7926065 1.6811649 
314855018.0000 92.0 84.200904 0.908046 2.0 0.7915786 1.682671 
315459818.0000 55.0 44.961681 1.5395761 1.0 0.4057514 1.5292544 
316064618.0000 53.0 61.167484 -0.980177 1.0 0.5451241 1.2580674 
316669418.0000 64.0 69.965141 -0.641935 0.0 0.6325436 0.0783842 
317274218.0000 92.0 87.078865 0.5927696 2.0 0.8569629 1.589632 
317879018.0000 85.0 88.983543 -0.353928 1.0 0.7603242 0.9267724 
318483818.0000 73.0 89.932106 -1.771806 0.0 0.7568658 -0.077445 
319088618.0000 101.0 89.73648 1.2333043 1.0 0.8546555 0.8030447 
319693418.0000 86.0 71.512657 1.7343328 2.0 0.6697885 1.8724902 
320298218.0000 61.0 57.883171 0.4922914 2.0 0.4906868 2.206016 
320903018.0000 70.0 60.962497 1.2124483 1.0 0.5161618 1.3097257 
321507818.0000 63.0 68.178123 -0.552775 0.0 0.6624287 0.0391072 
322112618.0000 74.0 79.998313 -0.603103 2.0 0.8278943 1.630321 
322717418.0000 44.0 37.759647 1.0929236 0.0 0.3246755 0.5910658 
323322218.0000 78.0 75.85913 0.3205299 0.0 0.6427024 0.0648903 
323927018.0000 90.0 83.477928 0.7761666 0.0 0.9010915 -0.237521 
324531818.0000 185.0 122.74791 5.2761158 0.0 1.3602752 -0.653893 
325136618.0000 76.0 66.098716 1.2678527 1.0 0.6036112 1.1596682 
325741418.0000 62.0 59.225044 0.4432201 0.0 0.4643721 0.3279615 
326346218.0000 92.0 86.368637 0.6699157 0.0 0.9284382 -0.265868 
326951018.0000 81.0 84.65377 -0.32668 1.0 0.7562814 0.9323176 
327555818.0000 97.0 85.028053 1.3390346 0.0 0.6804255 0.0160467 
328160618.0000 88.0 87.604324 0.1133328 2.0 0.8114277 1.653842 
328765418.0000 90.0 84.201835 0.6960284 0.0 0.8089892 -0.137524 
329370218.0000 58.0 68.844215 -1.259392 0.0 0.5798823 0.1508786 
329975018.0000 70.0 67.624725 0.3673698 3.0 0.6012274 2.708208 
330579818.0000 85.0 73.23648 1.4145741 0.0 0.6802881 0.0162212 
331184618.0000 92.0 86.204353 0.6878212 1.0 0.8899711 0.7592547 
331789418.0000 81.0 86.920845 -0.569552 0.0 0.7767394 -0.100677 
332394218.0000 81.0 90.37754 -0.93191 1.0 0.8088818 0.8617809 
332999018.0000 77.0 84.742691 -0.779996 3.0 0.8680973 2.2590234 
333603818.0000 61.0 69.394767 -0.946144 0.0 0.601464 0.1206319 
334208618.0000 74.0 66.814491 0.9430732 0.0 0.5842912 0.144636 
334813418.0000 73.0 67.034614 0.7975339 0.0 0.5698745 0.1651738 
335418218.0000 73.0 83.860466 -1.137316 0.0 0.7944358 -0.121023 
336023018.0000 89.0 86.176498 0.3736141 1.0 0.8314651 0.8325114 
336627818.0000 73.0 69.167602 0.5354945 3.0 0.5419148 2.8284413 
337232618.0000 36.0 45.7891 -1.397966 1.0 0.4037515 1.5336275 
337837418.0000 65.0 76.891166 -1.313751 1.0 0.8388201 0.8231025 
338442218.0000 57.0 58.729148 -0.139085 0.0 0.4774422 0.3064476 
339047018.0000 43.0 53.029117 -1.327322 0.0 0.4501883 0.3518058 
339651818.0000 64.0 58.142105 0.8407849 2.0 0.4745023 2.2405304 
340256618.0000 74.0 81.56089 -0.774788 3.0 0.8787291 2.2434496 
340861418.0000 83.0 78.067482 0.6265905 0.0 0.6571834 0.0459102 
341466218.0000 71.0 81.809761 -1.14627 0.0 0.6317578 0.0794342 
342071018.0000 66.0 84.150573 -1.979138 2.0 0.8399841 1.6132715 
342675818.0000 86.0 70.099464 1.9082976 0.0 0.6882496 0.0061532 
343280618.0000 51.0 62.579025 -1.423428 0.0 0.5116549 0.2520598 
343885418.0000 50.0 60.052906 -1.245619 0.0 0.5024755 0.2663912 
344490218.0000 55.0 64.63047 -1.14288 1.0 0.6009169 1.1640424 
345095018.0000 62.0 80.255142 -2.043299 0.0 0.856449 -0.189967 
345699818.0000 83.0 76.555687 0.8009021 0.0 0.6020885 0.1197682 
346304618.0000 55.0 76.422988 -2.497239 1.0 0.6274065 1.1216489 
346909418.0000 72.0 82.309867 -1.085111 0.0 0.8987396 -0.235056 
347514218.0000 61.0 63.232624 -0.197797 0.0 0.5379971 0.2119232 
348119018.0000 64.0 60.929161 0.474289 0.0 0.5248805 0.2317296 
348723818.0000 59.0 59.082637 0.0759346 1.0 0.4778868 1.3814282 
349328618.0000 84.0 77.232284 0.8332046 0.0 0.8100377 -0.138705 
349933418.0000 80.0 77.690071 0.3357269 0.0 0.7201663 -0.033416 
350538218.0000 69.0 77.882515 -0.948425 1.0 0.6060896 1.1556572 
351143018.0000 80.0 79.021766 0.1844954 0.0 0.7277614 -0.042653 
351747818.0000 59.0 72.33953 -1.537656 1.0 0.7677874 0.9165917 
352352618.0000 62.0 62.235771 0.0546215 2.0 0.502903 2.1805398 
352957418.0000 63.0 76.415245 -1.502621 0.0 0.6577119 0.0452231 
353562218.0000 47.0 61.134159 -1.793211 0.0 0.5243954 0.2324689 
354167018.0000 89.0 83.061897 0.7156496 1.0 0.9104781 0.7343953 
354771818.0000 67.0 76.558708 -1.037322 0.0 0.6293984 0.0825926 
355376618.0000 86.0 77.971687 0.9675382 1.0 0.609553 1.1500725 
355981418.0000 102.0 79.609153 2.473247 6.0 0.831359 4.042623 
356586218.0000 91.0 67.637786 2.7711751 0.0 0.6223409 0.0920896 
357191018.0000 74.0 59.026351 1.9553389 0.0 0.4815834 0.2997192 
357795818.0000 77.0 57.522594 2.5210375 2.0 0.4576478 2.2774531 
358400618.0000 57.0 70.401825 -1.568051 1.0 0.6988697 1.0134937 
359005418.0000 86.0 83.507255 0.3437258 0.0 0.8444334 -0.176881 
359610218.0000 102.0 82.825302 2.101443 0.0 0.6788535 0.0180439 
360215018.0000 92.0 84.162231 0.9123316 0.0 0.7356199 -0.05214 
360819818.0000 80.0 95.357971 -1.546285 0.0 0.9811195 -0.318926 
361424618.0000 65.0 70.566894 -0.590493 0.0 0.5874837 0.1401363 
362029418.0000 55.0 65.433044 -1.239966 0.0 0.5845817 0.1442257 
362634218.0000 68.0 64.507789 0.5126376 0.0 0.5709415 0.1636412 
363239018.0000 84.0 93.52909 -0.931732 1.0 1.0731247 0.5501183 
363843818.0000 91.0 85.932479 0.6120942 1.0 0.8040456 0.8681253 
364448618.0000 101.0 92.930313 0.8928583 1.0 0.8285577 0.8362472 
365053418.0000 92.0 85.444358 0.7709531 0.0 0.8405119 -0.172583 
365658218.0000 68.0 76.872901 -0.953736 0.0 0.7260871 -0.040622 
366263018.0000 77.0 65.660202 1.440261 0.0 0.5467688 0.1988681 
366867818.0000 71.0 64.828926 0.8352965 0.0 0.5676668 0.1683509 
367472618.0000 63.0 75.733184 -1.426612 0.0 0.6574056 0.0456213 
368077418.0000 77.0 92.695434 -1.606795 0.0 0.9545551 -0.292418 
368682218.0000 75.0 83.451789 -0.866283 0.0 0.6794964 0.0172268 
369287018.0000 72.0 79.568336 -0.785589 0.0 0.6499605 0.0553405 
369891818.0000 90.0 92.024269 -0.141891 1.0 0.9516707 0.6856439 
370496618.0000 149.0 164.2895 -1.158626 0.0 1.24118 -0.556182 
371101418.0000 57.0 58.957397 -0.168754 1.0 0.4984743 1.3423475 
371706218.0000 57.0 59.652835 -0.258684 0.0 0.4808709 0.3008738 
372311018.0000 86.0 75.13179 1.299185 1.0 0.7696111 0.9141148 
372915818.0000 66.0 79.883865 -1.52324 2.0 0.7511367 1.7431168 
373520618.0000 95.0 78.547973 1.8676762 1.0 0.610297 1.1488759 
374125418.0000 86.0 78.403595 0.9178161 0.0 0.7093136 -0.0201 
374730218.0000 64.0 72.864906 -0.979697 0.0 0.7756391 -0.099402 
375335018.0000 66.0 59.535743 0.9070263 0.0 0.4808151 0.3009645 
375939818.0000 63.0 59.8679 0.4861561 0.0 0.5143274 0.2479219 
376544618.0000 53.0 59.941501 -0.82563 0.0 0.5037095 0.2644538 
377149418.0000 72.0 78.759147 -0.695881 0.0 0.8605733 -0.19443 
377754218.0000 58.0 68.270553 -1.19181 0.0 0.5682932 0.1674487 
378359018.0000 87.0 76.086074 1.296383 1.0 0.5953609 1.1731083 
378963818.0000 98.0 80.7369 1.9282836 1.0 0.8451945 0.814996 
379568618.0000 80.0 66.378311 1.6965436 1.0 0.6243519 1.1264694 
380173418.0000 61.0 61.158954 0.0649018 0.0 0.5248217 0.2318193 
380778218.0000 59.0 59.60617 0.0078812 0.0 0.4905254 0.2853305 
381383018.0000 66.0 67.036888 -0.045241 1.0 0.6480343 1.0895403 
381987818.0000 62.0 78.381874 -1.840674 0.0 0.8002361 -0.127624 
382592618.0000 71.0 77.36306 -0.656057 1.0 0.6020939 1.1621297 
383197418.0000 68.0 75.754325 -0.827837 1.0 0.6382942 1.1046066 
383802218.0000 49.0 78.95462 -3.541533 0.0 0.8597215 -0.193509 
384407018.0000 153.0 117.51588 3.1832513 1.0 1.2294337 0.390769 
385011818.0000 73.0 61.198993 1.5443999 0.0 0.5435121 0.2036977 
385616618.0000 48.0 58.007274 -1.262367 0.0 0.4703519 0.3180653 
386221418.0000 74.0 74.155853 0.0593031 1.0 0.8033015 0.8691039 
386826218.0000 68.0 77.146385 -0.984333 4.0 0.6874526 3.1844999 
387431018.0000 82.0 66.313095 1.9338946 0.0 0.5089811 0.2562153 
388035818.0000 106.0 82.200805 2.5796906 1.0 0.7831498 0.8958588 
388640618.0000 94.0 75.900444 2.0740222 0.0 0.7817355 -0.106453 
389245418.0000 65.0 58.113636 0.9708815 0.0 0.4646583 0.3274857 
389850218.0000 56.0 59.951858 -0.428413 1.0 0.5228311 1.2976422 
390455018.0000 99.0 101.84834 -0.216997 1.0 0.8778036 0.7741989 
391059818.0000 71.0 77.268203 -0.645398 0.0 0.8184655 -0.14816 
391664618.0000 60.0 74.93251 -1.705642 0.0 0.5954826 0.1289373 
392269418.0000 74.0 74.223671 0.0514179 0.0 0.5949794 0.1296389 
392874218.0000 63.0 78.971344 -1.783576 1.0 0.8509166 0.8077564 
393479018.0000 61.0 62.404289 -0.09356 1.0 0.5546677 1.2414932 
394083818.0000 46.0 58.795761 -1.642331 0.0 0.4937637 0.2801661 
394688618.0000 79.0 64.83181 1.7788124 0.0 0.5894922 0.1373143 
395293418.0000 88.0 73.391067 1.7266689 0.0 0.7267019 -0.041368 
395898218.0000 76.0 85.27436 -0.948815 0.0 0.7711666 -0.094204 
396503018.0000 94.0 88.394302 0.659698 1.0 0.7369413 0.9591464 
397107818.0000 84.0 80.435623 0.4678963 0.0 0.7056671 -0.015594 
397712618.0000 72.0 82.636856 -1.120393 0.0 0.8190543 -0.148818 
398317418.0000 31.0 42.877601 -1.797552 0.0 0.3574055 0.5229306 
398922218.0000 21.0 27.040962 -1.072011 0.0 0.2309043 0.8197315 
399527018.0000 36.0 33.241546 0.5848293 0.0 0.3007415 0.6441752 
400131818.0000 62.0 70.451217 -0.945728 0.0 0.7899637 -0.115911 
400736618.0000 70.0 73.377845 -0.318571 5.0 0.6127532 3.9236507 
401341418.0000 83.0 81.097343 0.2839429 1.0 0.6487701 1.088409 
401946218.0000 74.0 86.311325 -1.28373 0.0 0.8911787 -0.227102 
402551018.0000 74.0 65.564193 1.1000019 0.0 0.6235878 0.0904062 
403155818.0000 58.0 57.782398 0.1161331 0.0 0.4684346 0.3212285 
403760618.0000 105.0 88.226669 1.8006216 1.0 0.9115207 0.7331423 
404365418.0000 39.0 37.726005 0.3136091 0.0 0.3624697 0.5128027 
404970218.0000 50.0 70.418403 -2.48025 0.0 0.7055019 -0.015389 
405575018.0000 60.0 66.881439 -0.772478 1.0 0.5231074 1.297144 
406179818.0000 83.0 77.672676 0.6718924 1.0 0.6549206 1.0789886 
406784618.0000 81.0 81.39093 0.0305839 1.0 0.8886377 0.7608852 
407389418.0000 64.0 62.264904 0.3026189 1.0 0.5123136 1.3167512 
407994218.0000 26.0 24.231313 0.4874504 0.0 0.2089101 0.8833193 
408599018.0000 30.0 18.838169 2.4988358 0.0 0.1399619 1.1235185 
409203818.0000 50.0 47.824935 0.4072301 1.0 0.5398251 1.2673634 
409808618.0000 49.0 51.294349 -0.228554 1.0 0.4549593 1.4264693 
410413418.0000 55.0 53.750148 0.2600589 0.0 0.4192448 0.4057671 
411018218.0000 51.0 63.251689 -1.505621 2.0 0.6021011 1.9894938 
411623018.0000 42.0 51.66312 -1.29161 0.0 0.5131773 0.2497007 
412227818.0000 87.0 84.781623 0.3117015 2.0 0.6893989 1.8402668 
412832618.0000 129.0 121.76546 0.7086572 0.0 1.0254975 -0.362155 
413437418.0000 71.0 58.980766 1.5980664 1.0 0.5203421 1.3021384 
414042218.0000 43.0 59.304279 -2.132534 0.0 0.6360344 0.0737304 
414647018.0000 42.0 50.889919 -1.186731 0.0 0.3887767 0.4617943 
415251818.0000 62.0 99.827568 -3.997046 1.0 0.7712501 0.9118924 
415856618.0000 55.0 71.556861 -1.956192 1.0 0.7649425 0.9204639 
416461418.0000 84.0 72.275489 1.4191197 1.0 0.7436911 0.9497256 
417066218.0000 38.0 32.463272 1.0574817 0.0 0.2707832 0.7152795 
417671018.0000 33.0 37.727661 -0.674016 0.0 0.3039621 0.6368503 
418275818.0000 67.0 57.01382 1.3706365 0.0 0.5947773 0.1299206 
418880618.0000 73.0 59.61549 1.7553201 1.0 0.5502341 1.2491663 
419485418.0000 79.0 59.332721 2.5082073 1.0 0.4215514 1.495269 
420090218.0000 88.0 75.305862 1.4976995 1.0 0.6733018 1.0512163 
420695018.0000 88.0 83.655136 0.542788 0.0 0.8985012 -0.234806 
421299818.0000 69.0 58.508983 1.4162995 0.0 0.4695095 0.319454 
421904618.0000 69.0 63.727573 0.7331792 1.0 0.5766295 1.2041418 
422509418.0000 60.0 67.135513 -0.803027 0.0 0.5662533 0.1703899 
423114218.0000 68.0 84.978172 -1.831795 0.0 0.8764204 -0.211444 
423719018.0000 60.0 75.225776 -1.73836 0.0 0.6252772 0.0881292 
424323818.0000 70.0 75.535919 -0.566626 0.0 0.5921911 0.1335328 
424928618.0000 85.0 89.01728 -0.357483 2.0 0.8433204 1.6085988 
425533418.0000 73.0 68.376625 0.632025 1.0 0.6576483 1.0748316 
426138218.0000 74.0 68.339477 0.7543202 1.0 0.6044783 1.1582636 
426743018.0000 36.0 50.484115 -2.046678 0.0 0.4265522 0.3927711 
427347818.0000 56.0 49.789672 0.9539082 0.0 0.4804873 0.3014961 
427952618.0000 91.0 96.891029 -0.535769 0.0 1.135365 -0.464053 
428557418.0000 55.0 52.53104 0.4286959 1.0 0.3929049 1.5576365 
429162218.0000 57.0 56.313385 0.1797536 1.0 0.4582745 1.4198523 
429767018.0000 76.0 63.963741 1.5402944 1.0 0.6789243 1.0428322 
430371818.0000 84.0 79.009979 0.6292483 0.0 0.8960981 -0.232282 
430976618.0000 38.0 33.901523 0.8009595 0.0 0.2911615 0.6663143 
431581418.0000 31.0 39.761695 -1.332473 1.0 0.3215876 1.7295783 
432186218.0000 63.0 57.946746 0.7399015 1.0 0.6231993 1.1282929 
432791018.0000 39.0 53.897197 -2.035914 2.0 0.4633305 2.2648885 
433395818.0000 53.0 55.194568 -0.206674 0.0 0.3983133 0.443925 
434000618.0000 48.0 68.612693 -2.542817 3.0 0.6619173 2.5943307 
434605418.0000 62.0 53.231006 1.2582699 0.0 0.5221 0.2359732 
435210218.0000 23.0 31.708105 -1.497299 0.0 0.2532898 0.7595654 
435815018.0000 34.0 38.367397 -0.607844 1.0 0.3148423 1.7473146 
436419818.0000 48.0 49.357044 -0.098496 0.0 0.4401704 0.3689745 
437024618.0000 56.0 62.894908 -0.7992 0.0 0.6601236 0.0420923 
437629418.0000 44.0 53.51675 -1.246308 0.0 0.3914628 0.4567293 
438234218.0000 43.0 57.484375 -1.904982 1.0 0.4408116 1.4551225 
438839018.0000 62.0 67.891281 -0.642728 0.0 0.7201673 -0.033417 
439443818.0000 51.0 55.709343 -0.548625 0.0 0.4854438 0.2934842 
440048618.0000 54.0 61.928825 -0.942214 2.0 0.5306405 2.1244125 
440653418.0000 73.0 62.071418 1.4297708 0.0 0.4998465 0.27053 
441258218.0000 81.0 77.10189 0.5150595 1.0 0.812318 0.8572897 
441863018.0000 77.0 79.890266 -0.250004 2.0 0.7294983 1.7764618 
442467818.0000 77.0 80.165733 -0.280655 0.0 0.6223798 0.0920371 
443072618.0000 80.0 79.10807 0.1747535 1.0 0.7384375 0.9570527 
443677418.0000 75.0 67.383766 0.9897611 0.0 0.7269284 -0.041643 
444282218.0000 84.0 75.620529 1.0208678 1.0 0.5960408 1.1719956 
444887018.0000 63.0 63.203945 0.0581971 0.0 0.5336483 0.2184518 
445491818.0000 63.0 62.486461 0.1489397 0.0 0.5450538 0.2014089 
446096618.0000 77.0 80.485076 -0.3161 1.0 0.8762741 0.7760879 
446701418.0000 56.0 76.698783 -2.400649 1.0 0.6165896 1.1387978 
447306218.0000 81.0 77.418388 0.4787018 0.0 0.6068969 0.1131381 
447911018.0000 76.0 79.222862 -0.288829 0.0 0.8544545 -0.187803 
448515818.0000 34.0 37.412132 -0.454783 3.0 0.3574343 3.2839305 
449120618.0000 29.0 29.482748 0.0339912 0.0 0.2525741 0.7614257 
449725418.0000 59.0 41.77502 2.6006557 0.0 0.3379478 0.5628528 
450330218.0000 94.0 72.67807 2.4641099 0.0 0.7289165 -0.044052 
450935018.0000 114.0 84.825531 3.0743296 5.0 0.8102471 3.5437252 
451539818.0000 75.0 79.329086 -0.414545 2.0 0.6108212 1.9738786 
452144618.0000 83.0 80.523529 0.3481704 0.0 0.7083444 -0.018904 
452749418.0000 87.0 79.100654 0.9468313 0.0 0.8527975 -0.186003 
453354218.0000 65.0 57.078132 1.1104747 3.0 0.4365444 3.0700964 
453959018.0000 66.0 59.973369 0.8493255 0.0 0.5251182 0.2313677 
454563818.0000 73.0 66.568656 0.8555202 1.0 0.5557981 1.2395442 
455168618.0000 91.0 91.105293 0.0587941 1.0 0.92335 0.7189953 
455773418.0000 70.0 88.346191 -1.950254 0.0 0.727875 -0.04279 
456378218.0000 77.0 68.823036 1.0447472 0.0 0.5403543 0.2084002 
456983018.0000 72.0 87.547172 -1.6395 1.0 0.8023858 0.8703091 
457587818.0000 75.0 69.970603 0.6722982 0.0 0.6582948 0.0444656 
458192618.0000 60.0 66.83345 -0.766699 1.0 0.591037 1.1802071 
458797418.0000 71.0 68.726028 0.3524024 0.0 0.6092734 0.109875 
459402218.0000 77.0 76.329032 0.1527464 0.0 0.7392511 -0.056501 
460007018.0000 86.0 88.784385 -0.2257 0.0 0.8750258 -0.209955 
460611818.0000 105.0 91.29309 1.4676743 1.0 0.7825949 0.8966026 
461216618.0000 67.0 89.393631 -2.402853 0.0 0.778276 -0.102457 
461821418.0000 82.0 86.150711 -0.378038 0.0 0.8477715 -0.180529 
462426218.0000 57.0 65.287628 -0.962883 0.0 0.551415 0.1920129 
463031018.0000 73.0 61.742328 1.4728817 0.0 0.5522153 0.1908362 
463635818.0000 48.0 68.124977 -2.486878 0.0 0.5744728 0.1585837 
464240618.0000 75.0 89.288055 -1.481217 3.0 0.983518 2.0970585 
464845418.0000 79.0 76.722557 0.3341488 0.0 0.671873 0.026952 
465450218.0000 77.0 76.488395 0.1344583 1.0 0.5856953 1.1890302 
466055018.0000 78.0 82.761726 -0.454057 3.0 0.8172571 2.3355505 
466659818.0000 82.0 73.49411 1.0491728 0.0 0.7233783 -0.03733 
467264618.0000 59.0 62.52555 -0.364483 0.0 0.5036931 0.2644796 
467869418.0000 72.0 62.027954 1.3152873 0.0 0.5124777 0.2507842 
468474218.0000 68.0 66.751312 0.2334554 0.0 0.6116086 0.1066772 
469079018.0000 86.0 82.701042 0.4328188 0.0 0.8802868 -0.215563 
469683818.0000 80.0 76.847847 0.4322689 1.0 0.6013485 1.1633408 
470288618.0000 82.0 76.233383 0.7270811 0.0 0.6262465 0.0868248 
470893418.0000 78.0 82.886779 -0.467686 0.0 0.896916 -0.233142 
471498218.0000 64.0 60.118068 0.579765 0.0 0.5321768 0.2206693 
472103018.0000 68.0 61.920665 0.8427811 0.0 0.5354774 0.2157013 
472707818.0000 74.0 61.855869 1.5776616 0.0 0.4949637 0.2782583 
473312618.0000 83.0 78.261589 0.6043744 2.0 0.8271765 1.6313389 
473917418.0000 96.0 101.77156 -0.510472 1.0 1.0636072 0.5603345 
474522218.0000 122.0 100.78637 2.1075229 0.0 0.9466674 -0.284452 
475127018.0000 72.0 79.059944 -0.729299 1.0 0.7453777 0.9473812 
475731818.0000 63.0 65.959335 -0.284038 2.0 0.6778102 1.8592244 
476336618.0000 52.0 61.672611 -1.177085 0.0 0.5007617 0.2690874 
476941418.0000 73.0 62.007263 1.4381631 1.0 0.5242737 1.2950435 
477546218.0000 65.0 63.101814 0.3209044 0.0 0.5545263 0.1874452 
478151018.0000 84.0 81.281036 0.3731177 0.0 0.8852505 -0.220834 
478755818.0000 66.0 75.848587 -1.077105 1.0 0.6079858 1.1525968 
479360618.0000 94.0 76.47834 2.0052616 1.0 0.6095501 1.1500772 
479965418.0000 70.0 82.884506 -1.377673 0.0 0.8971866 -0.233426 
480570218.0000 65.0 63.218971 0.3060599 2.0 0.5634281 2.0608921 
481175018.0000 68.0 60.704505 1.0011863 0.0 0.5132306 0.2496182 
481779818.0000 81.0 62.137012 2.3631908 2.0 0.5016539 2.1831226 
482384618.0000 108.0 77.014503 3.3953518 1.0 0.7783473 0.9023085 
482989418.0000 97.0 83.051338 1.5603445 3.0 0.7947173 2.370635 
483594218.0000 69.0 51.055919 2.4675808 0.0 0.4001218 0.4405715 
484199018.0000 85.0 76.688499 1.0065101 0.0 0.6798254 0.0168087 
484803818.0000 70.0 60.388668 1.2880938 3.0 0.6410287 2.6325821 
485408618.0000 65.0 58.393928 0.9333844 0.0 0.4628804 0.3304444 
486013418.0000 65.0 63.984008 0.2095731 1.0 0.5779625 1.2019088 
486618218.0000 94.0 66.111137 3.297219 1.0 0.5647532 1.2242065 
487223018.0000 80.0 93.186859 -1.32819 0.0 0.97926 -0.317086 
487827818.0000 55.0 62.477829 -0.878492 0.0 0.520709 0.2381022 
488432618.0000 78.0 69.009399 1.1373239 1.0 0.5430538 1.2616913 
489037418.0000 127.0 86.781784 4.099267 1.0 0.8546551 0.8030452 
489642218.0000 85.0 69.062057 1.9257899 0.0 0.6451253 0.061694 
490247018.0000 83.0 68.73764 1.741411 0.0 0.6074823 0.1123336 
490851818.0000 44.0 46.151672 -0.219849 0.0 0.3936262 0.4526682 
491456618.0000 82.0 75.383888 0.8261233 1.0 0.7392399 0.9559313 
492061418.0000 142.0 120.74902 1.9388065 0.0 1.09855 -0.43067 
492666218.0000 95.0 95.06652 0.0615263 0.0 0.8139727 -0.143128 
493271018.0000 103.0 87.032333 1.7308664 1.0 0.7382289 0.9573444 
493875818.0000 86.0 85.596374 0.1155064 2.0 0.8719339 1.5690735 
494480618.0000 63.0 61.957313 0.2163099 0.0 0.5140453 0.2483579 
495085418.0000 55.0 62.504779 -0.88184 1.0 0.5742784 1.2080894 
495690218.0000 87.0 66.95507 2.4159512 1.0 0.5737141 1.2090387 
496295018.0000 77.0 86.700393 -0.988125 0.0 0.9594519 -0.297341 
496899818.0000 63.0 71.832962 -0.983078 1.0 0.6046658 1.15796 
497504618.0000 131.0 130.18171 0.1299419 2.0 1.3951388 0.9727904 
498109418.0000 160.0 126.19301 2.9434995 1.0 1.4353659 0.2010899 
498714218.0000 134.0 116.46846 1.6453509 3.0 1.3444316 1.6679979 
499319018.0000 51.0 39.960643 1.7720083 0.0 0.3314487 0.5765637 
499923818.0000 38.0 40.410194 -0.276396 0.0 0.3349113 0.5692345 
500528618.0000 41.0 52.204319 -1.51303 1.0 0.4851198 1.3675566 
501133418.0000 67.0 74.963058 -0.857284 0.0 0.7750315 -0.098697 
501738218.0000 82.0 76.875289 0.6527323 1.0 0.6027572 1.1610531 
502343018.0000 85.0 75.826721 1.1072025 0.0 0.6382567 0.070777 
502947818.0000 89.0 80.205322 1.0370023 0.0 0.871899 -0.206611 
503552618.0000 100.0 102.50106 -0.181762 0.0 1.125988 -0.455619 
504157418.0000 84.0 83.784454 0.0962699 1.0 0.8454639 0.8146543 
504762218.0000 134.0 107.22744 2.5479829 1.0 1.1415832 0.4784514 
505367018.0000 122.0 89.673378 3.2986576 2.0 0.9593937 1.4539074 
505971818.0000 79.0 88.578064 -0.963731 0.0 0.8440842 -0.176499 
506576618.0000 79.0 91.91819 -1.308375 1.0 0.8230924 0.8432955 
507181418.0000 93.0 86.706069 0.738084 0.0 0.8628898 -0.19693 
507786218.0000 86.0 76.204605 1.1729238 0.0 0.7223588 -0.036089 
508391018.0000 50.0 65.554794 -1.916878 0.0 0.5487145 0.1959923 
508995818.0000 69.0 67.283157 0.289039 0.0 0.5882686 0.1390327 
509600618.0000 71.0 76.425163 -0.550293 0.0 0.6640419 0.0370224 
510205418.0000 91.0 95.082267 -0.352494 1.0 0.9829284 0.6496437 
510810218.0000 83.0 82.425361 0.1364555 0.0 0.6767993 0.0206587 
511415018.0000 80.0 79.99308 0.0752606 1.0 0.6636273 1.0657634 
512019818.0000 68.0 84.221092 -1.752174 0.0 0.9195024 -0.256668 
512624618.0000 81.0 62.255363 2.3474478 0.0 0.5395783 0.2095588 
513834218.0000 83.0 63.364166 2.4307277 0.0 0.506963 0.259362 
514439018.0000 100.0 78.449752 2.4028115 3.0 0.8027974 2.3579721 
515043818.0000 88.0 79.733879 0.9828677 1.0 0.740396 0.9543168 
515648618.0000 73.0 77.228317 -0.408584 0.0 0.5912975 0.1347835 
516253418.0000 81.0 78.783996 0.3229575 0.0 0.7384481 -0.055538 
516858218.0000 85.0 78.833946 0.7590963 1.0 0.8415812 0.8195857 
517463018.0000 71.0 62.780769 1.0969427 0.0 0.5318159 0.2212139 
518067818.0000 67.0 65.237556 0.2990669 0.0 0.5776863 0.1540003 
519277418.0000 79.0 89.318588 -1.040871 1.0 0.8599789 0.7963618 
519882218.0000 81.0 82.35897 -0.076392 0.0 0.6831118 0.012641 
520487018.0000 49.0 53.404167 -0.517812 0.0 0.4222218 0.4004531 
521091818.0000 79.0 82.371826 -0.299789 1.0 0.8082631 0.862591 
522301418.0000 86.0 68.848365 2.0643055 0.0 0.6047033 0.1161582 
522906218.0000 66.0 69.572113 -0.350909 3.0 0.6105369 2.6901807 
523511018.0000 72.0 80.270072 -0.862898 1.0 0.7698974 0.9137264 
524115818.0000 111.0 90.298255 2.1683626 1.0 0.7992032 0.8745055 
524720618.0000 100.0 92.309669 0.8574255 1.0 0.7374835 0.9583874 
525325418.0000 82.0 89.213035 -0.702035 1.0 0.7570834 0.9312158 
525930218.0000 69.0 84.65702 -1.681836 0.0 0.8841117 -0.219626 
526535018.0000 65.0 61.801334 0.4869379 0.0 0.5070508 0.2592249 
527139818.0000 34.0 38.929493 -0.696732 1.0 0.3325093 1.7014603 
527744618.0000 45.0 60.778198 -2.029423 1.0 0.5122686 1.3168335 
528349418.0000 55.0 82.481437 -3.140451 0.0 0.8997585 -0.236124 
528954218.0000 80.0 76.891548 0.4272425 0.0 0.639506 0.0691199 
529559018.0000 85.0 81.420066 0.4668006 0.0 0.6278052 0.08473 
530163818.0000 96.0 87.648078 0.9477667 1.0 0.9055641 0.7403155 
530768618.0000 71.0 68.396385 0.392527 0.0 0.6317535 0.0794401 
531373418.0000 77.0 61.759326 1.9462392 1.0 0.516671 1.3087991 
531978218.0000 63.0 61.146698 0.3202666 1.0 0.5054469 1.3293857 
532583018.0000 57.0 66.985374 -1.167134 2.0 0.6594801 1.8897144 
533187818.0000 53.0 78.359298 -2.960721 1.0 0.7972036 0.8771483 
533792618.0000 88.0 77.349174 1.2576618 1.0 0.6062763 1.1553556 
534397418.0000 74.0 78.626586 -0.450546 0.0 0.6909052 0.002813 
535002218.0000 71.0 75.128379 -0.40263 0.0 0.8140802 -0.143249 
535607018.0000 57.0 59.301826 -0.213381 0.0 0.5076875 0.2582314 
536211818.0000 60.0 60.736637 -0.008941 1.0 0.5302152 1.284397 
536816618.0000 54.0 61.123134 -0.841415 1.0 0.4968575 1.3453724 
537421418.0000 85.0 80.959129 0.5184369 2.0 0.8653665 1.5780596 
538631018.0000 86.0 78.657524 0.8886685 0.0 0.6129613 0.1048288 
539235818.0000 87.0 82.181831 0.5986976 0.0 0.8313443 -0.162481 
539840618.0000 77.0 71.279159 0.7459784 0.0 0.6845042 0.0108795 
540445418.0000 61.0 59.332698 0.3012279 1.0 0.4908096 1.3567532 
541050218.0000 84.0 61.524951 2.7905249 1.0 0.5120562 1.3172223 
541655018.0000 61.0 65.389831 -0.465064 0.0 0.6172318 0.0990119 
542259818.0000 59.0 80.63237 -2.449851 1.0 0.8487792 0.8104565 
542864618.0000 77.0 80.238906 -0.288785 2.0 0.9272057 1.4953575 
546493418.0000 58.0 62.49781 -0.489879 1.0 0.7162491 0.9884238 
547098218.0000 20.0 18.811893 0.4216849 0.0 0.2331137 0.8136017 
547703018.0000 23.0 21.500488 0.4603677 1.0 0.1706946 2.2258544 
548307818.0000 128.0 125.95217 0.2410774 0.0 1.1155656 -0.44619 
548912618.0000 96.0 89.274787 0.7721408 1.0 0.8246066 0.8413393 
549517418.0000 63.0 71.752227 -0.973731 0.0 0.6980506 -0.00613 
550122218.0000 57.0 50.326278 1.0115374 1.0 0.4779556 1.3812955 
550727018.0000 14.0 13.769415 0.2400662 0.0 0.1729845 0.999198 
551331818.0000 40.0 60.071941 -2.662265 2.0 0.7403566 1.7596379 
551936618.0000 142.0 146.71035 -0.335451 0.0 1.1571009 -0.483426 
552541418.0000 169.0 128.92591 3.4209585 3.0 1.114039 1.9301992 
553146218.0000 106.0 94.845123 1.1902065 2.0 0.9401982 1.4785012 
553751018.0000 115.0 103.93348 1.1305041 0.0 0.9142643 -0.251247 
554355818.0000 39.0 36.364864 0.5400167 0.0 0.3134261 0.6156535 
554960618.0000 111.0 82.332893 3.065622 1.0 0.6554983 1.0781071 
555565418.0000 89.0 100.85547 -1.136055 1.0 0.9895753 0.6420937 
556170218.0000 122.0 117.03047 0.5170314 4.0 1.0550562 2.6063544 
556775018.0000 117.0 108.3831 0.8796647 0.0 0.8837589 -0.219252 
557379818.0000 64.0 57.527652 0.9231663 1.0 0.6549897 1.0788831 
557984618.0000 54.0 53.109657 0.2127779 0.0 0.6387081 0.0701781 
558589418.0000 77.0 81.462242 -0.423983 1.0 0.6642508 1.0648211 
559194218.0000 120.0 121.12377 -0.041555 1.0 1.0398333 0.5861386 
559799018.0000 124.0 114.80619 0.9077689 1.0 0.9721345 0.6619821 
560403818.0000 80.0 94.891624 -1.499716 0.0 0.9868465 -0.324577 
561008618.0000 163.0 152.8583 0.8643585 2.0 1.2210544 1.1498128 
561613418.0000 176.0 157.3811 1.5076521 3.0 1.2314553 1.7920564 
562218218.0000 174.0 99.383476 6.8145718 4.0 1.016312 2.659223 
562823018.0000 47.0 39.748672 1.218142 0.0 0.3677032 0.5024445 
564032618.0000 31.0 29.58426 0.3789446 0.0 0.2480942 0.7731609 
564637418.0000 130.0 101.10916 2.8120029 0.0 0.9653788 -0.303278 
565242218.0000 57.0 77.498619 -2.361823 0.0 0.7559058 -0.076313 
565847018.0000 65.0 64.510871 0.1435731 0.0 0.5058845 0.2610472 
566451818.0000 46.0 57.19503 -1.439238 0.0 0.4845757 0.2948831 
567056618.0000 125.0 94.121437 3.0921618 1.0 0.8363934 0.8262003 
567661418.0000 52.0 68.117218 -1.951373 0.0 0.5324401 0.2202723 
568266218.0000 105.0 93.265838 1.2574499 1.0 0.7723737 0.9103708 
568871018.0000 71.0 57.112094 1.8525487 1.0 0.4796189 1.378092 
569475818.0000 70.0 74.574394 -0.456695 1.0 0.7172549 0.9869865 
570080618.0000 45.0 52.260364 -0.932844 1.0 0.4197038 1.4991928 
570685418.0000 78.0 76.559509 0.2398448 0.0 0.5884032 0.1388434 
571290218.0000 110.0 93.905319 1.6821692 0.0 0.7229104 -0.036761 
571895018.0000 109.0 98.476944 1.1074984 1.0 0.7081304 1.0000793 
572499818.0000 58.0 59.69984 -0.134125 0.0 0.4768129 0.3074738 
573104618.0000 60.0 56.990074 0.4821868 1.0 0.4651375 1.4062682 
573709418.0000 69.0 55.979484 1.7623127 0.0 0.5487602 0.1959248 
574314218.0000 81.0 71.723403 1.1488473 2.0 0.6459873 1.9125691 
574919018.0000 66.0 69.653549 -0.360603 1.0 0.5517374 1.2465595 
575523818.0000 65.0 63.119865 0.3186159 0.0 0.5672659 0.1689289 
576128618.0000 90.0 68.062744 2.6069116 0.0 0.6642614 0.0367391 
576733418.0000 37.0 30.926418 1.1725887 0.0 0.2494346 0.7696329 
577943018.0000 20.0 17.319665 0.7815629 0.0 0.1499891 1.0835478 
578547818.0000 83.0 71.276733 1.4283808 0.0 0.7112525 -0.022489 
579152618.0000 65.0 70.183242 -0.545261 1.0 0.5710453 1.2135376 
579757418.0000 68.0 70.339408 -0.200292 1.0 0.5564383 1.2384415 
580362218.0000 65.0 79.281425 -1.576876 1.0 0.6249777 1.1254806 
580967018.0000 91.0 77.614204 1.5507711 1.0 0.6825767 1.0374132 
581571818.0000 65.0 61.294925 0.5522249 0.0 0.5708985 0.163703 
582176618.0000 68.0 62.237957 0.8017988 1.0 0.5196241 1.3034383 
582781418.0000 60.0 69.4561 -1.07858 3.0 0.5883018 2.7335991 
583386218.0000 88.0 83.124694 0.6014972 0.0 0.7028808 -0.01214 
583991018.0000 77.0 88.030693 -1.127786 1.0 0.6771059 1.0455383 
584595818.0000 89.0 102.18555 -1.265453 1.0 0.6646255 1.0642553 
585200618.0000 78.0 94.184745 -1.646745 0.0 0.6660594 0.0344202 
585805418.0000 114.0 98.952919 1.540813 0.0 0.7720975 -0.095288 
586410218.0000 47.0 51.992309 -0.608809 0.0 0.4177766 0.4083982 
587015018.0000 61.0 65.547721 -0.484394 0.0 0.5279985 0.2269899 
587619818.0000 73.0 79.085395 -0.616686 0.0 0.6920332 0.0013969 
588224618.0000 96.0 83.458313 1.4104455 3.0 0.6910579 2.5424876 
588829418.0000 56.0 57.702358 -0.136774 0.0 0.4732609 0.3132838 
589434218.0000 64.0 57.329437 0.9498682 0.0 0.5910864 0.1350792 
590039018.0000 77.0 63.23244 1.7526834 1.0 0.6394189 1.1028581 
590643818.0000 65.0 55.0596 1.3875817 0.0 0.447184 0.3569255 
591248618.0000 8.0 11.972467 -1.007529 0.0 0.0919732 0.0 
591853418.0000 47.0 37.952877 1.5168211 0.0 0.314753 0.6127196 
592458218.0000 74.0 76.204742 -0.176824 2.0 0.7137753 1.8011586 
593063018.0000 70.0 74.941169 -0.498739 0.0 0.5998145 0.1229165 
593667818.0000 77.0 74.297874 0.3880992 0.0 0.5926938 0.1328298 
594272618.0000 62.0 68.276771 -0.688833 2.0 0.6334549 1.934122 
594877418.0000 3.0 6.8187212 -1.330245 0.0 0.0726112 0.0 
596087018.0000 19.0 23.426809 -0.800023 1.0 0.2061611 2.0847868 
596691818.0000 64.0 65.244453 -0.071629 1.0 0.6258378 1.1241225 
597296618.0000 79.0 70.071098 1.1219714 2.0 0.5911118 2.0094187 
597901418.0000 57.0 72.509796 -1.809084 1.0 0.5975241 1.1695711 
598506218.0000 99.0 101.35741 -0.168436 1.0 0.7636786 0.9221877 
599111018.0000 80.0 82.05339 -0.153548 2.0 0.7257451 1.7823207 
599715818.0000 83.0 73.028533 1.2167819 3.0 0.5495297 2.8124501 
600320618.0000 53.0 60.334415 -0.875386 2.0 0.4823263 2.2237339 
600925418.0000 70.0 58.47401 1.5440669 0.0 0.4968997 0.2751876 
601530218.0000 56.0 75.493934 -2.268785 0.0 0.7190089 -0.032002 
602135018.0000 77.0 71.220771 0.753 0.0 0.5606618 0.1784905 
602739818.0000 106.0 101.54877 0.5038442 2.0 0.8032203 1.6656982 
603344618.0000 95.0 92.735038 0.3029563 0.0 0.7703186 -0.093217 
603949418.0000 65.0 70.960434 -0.636722 0.0 0.5764529 0.1557573 
604554218.0000 64.0 57.792541 0.8875794 2.0 0.4578005 2.2771141 
605159018.0000 43.0 56.258586 -1.749056 0.0 0.4729506 0.3137927 
605763818.0000 61.0 59.060138 0.3369137 2.0 0.6002569 1.9928182 
606368618.0000 80.0 71.447998 1.0687558 1.0 0.6181984 1.1362332 
606973418.0000 82.0 70.103668 1.4592349 3.0 0.5539561 2.8032338 
607578218.0000 67.0 66.606468 0.1296527 0.0 0.5807242 0.1496839 
608183018.0000 62.0 68.799858 -0.751121 0.0 0.6619173 0.0397689 
608787818.0000 22.0 14.867577 1.8788834 1.0 0.1213816 2.4678218 
609997418.0000 25.0 26.244436 -0.113169 0.0 0.2403187 0.7939137 
610602218.0000 73.0 76.97969 -0.380472 3.0 0.7620822 2.4227969 
611207018.0000 64.0 71.97583 -0.877098 0.0 0.5752183 0.1575188 
611811818.0000 104.0 73.064537 3.4706444 1.0 0.5923895 1.1779824 
612416618.0000 84.0 90.15332 -0.584029 3.0 0.7134772 2.5037307 
613021418.0000 84.0 82.182678 0.272758 1.0 0.6340516 1.1112219 
613626218.0000 62.0 71.716491 -1.092807 1.0 0.6009353 1.1640125 
614231018.0000 81.0 62.759532 2.2806122 1.0 0.5223831 1.2984502 
614835818.0000 69.0 70.929916 -0.150468 1.0 0.5953599 1.1731098 
615440618.0000 70.0 83.190536 -1.410401 1.0 0.6618595 1.0684384 
616045418.0000 83.0 89.392997 -0.612472 2.0 0.671824 1.8691127 
616650218.0000 91.0 92.350494 -0.071245 1.0 0.6014087 1.1632429 
617255018.0000 84.0 92.319679 -0.808134 0.0 0.7362905 -0.052947 
617859818.0000 92.0 91.965759 0.07304 1.0 0.7603835 0.9266912 
618464618.0000 82.0 65.296814 2.0642724 0.0 0.5001333 0.2700777 
619069418.0000 25.0 36.28405 -1.862801 0.0 0.2995795 0.6468322 
619674218.0000 13.0 17.957796 -1.059176 0.0 0.1524271 1.0741461 
620279018.0000 73.0 81.480941 -0.880397 1.0 0.6624242 1.0675832 
620883818.0000 38.0 41.38507 -0.42754 2.0 0.3812376 2.459438 
621488618.0000 49.0 51.511962 -0.258751 1.0 0.5763538 1.204604 
622093418.0000 43.0 54.999809 -1.586607 0.0 0.5149258 0.2469973 
622698218.0000 40.0 45.940261 -0.794146 1.0 0.3657882 1.6199506 
623907818.0000 46.0 46.862747 -0.028618 0.0 0.4065628 0.4287164 
624512618.0000 77.0 77.246734 0.0477822 0.0 0.6956159 -0.00309 
625117418.0000 63.0 75.764167 -1.430075 0.0 0.6127135 0.1051672 
625722218.0000 88.0 73.319908 1.7352554 0.0 0.5901497 0.1363919 
626327018.0000 57.0 57.438205 0.0301847 0.0 0.5723495 0.161622 
626931818.0000 3.0 2.8530352 0.4680278 0.0 0.029522 0.0 
627536618.0000 3.0 5.0066094 -0.630757 0.0 0.0597246 0.0 
628141418.0000 33.0 33.524208 0.0247082 0.0 0.2960047 0.6550552 
628746218.0000 58.0 69.122833 -1.292081 0.0 0.6716389 0.0272519 
629351018.0000 30.0 27.132154 0.665322 0.0 0.2363534 0.8046931 
629955818.0000 58.0 68.61322 -1.232223 3.0 0.5613874 2.7878887 
630560618.0000 125.0 110.53766 1.4082375 1.0 0.8594146 0.7970688 
631165418.0000 91.0 82.063736 1.0406785 0.0 0.670872 0.0282346 
631770218.0000 56.0 78.622116 -2.608385 1.0 0.566501 1.2212342 
632375018.0000 63.0 57.890605 0.7474006 2.0 0.4615283 2.2688603 
632979818.0000 79.0 60.276798 2.3798022 1.0 0.520684 1.3015197 
633584618.0000 72.0 75.315155 -0.30708 0.0 0.7015943 -0.010542 
634189418.0000 86.0 75.243301 1.2860045 0.0 0.5924616 0.1331544 
634794218.0000 116.0 100.44396 1.5782157 1.0 0.8451436 0.8150605 
635399018.0000 119.0 94.342948 2.5025868 1.0 0.7955594 0.8793249 
636003818.0000 59.0 59.458866 0.0269885 0.0 0.4953093 0.2777096 
636608618.0000 60.0 58.107265 0.333532 0.0 0.4722155 0.3149997 
637213418.0000 49.0 54.847065 -0.711296 0.0 0.4588234 0.3372261 
637818218.0000 65.0 62.975509 0.3369287 2.0 0.6499214 1.9058684 
638423018.0000 70.0 70.661178 0.0006866 1.0 0.5908526 1.1805107 
639027818.0000 69.0 70.81417 -0.136753 1.0 0.5577595 1.2361693 
639632618.0000 107.0 70.731308 4.0757818 0.0 0.6110751 0.1074071 
640237418.0000 80.0 65.049339 1.8664524 1.0 0.6272248 1.1219352 
640842218.0000 4.0 2.2710752 1.4023485 0.0 0.0106433 0.0 
641447018.0000 0.0 0.3398687 0.5588376 0.0 0.0002869 0.0 
