#time nev avnev sigma he_nev he_avnev he_sigma
239859818.0000 2703.0 2710.3161 -0.127779 727.0 723.29528 0.1623835 
240464618.0000 2724.0 2680.3588 0.8534913 728.0 739.36663 -0.394476 
241069418.0000 2720.0 2645.4533 1.4554938 709.0 737.58599 -1.034643 
241674218.0000 2613.0 2593.9245 0.3871399 725.0 700.63385 0.9402118 
242279018.0000 3106.0 3260.3796 -2.713611 850.0 869.29644 -0.63416 
242883818.0000 3717.0 3803.8569 -1.402819 1004.0 1024.0485 -0.607613 
243488618.0000 3726.0 3700.312 0.4327383 946.0 995.44848 -1.559075 
244093418.0000 3185.0 3163.5173 0.393344 833.0 843.39306 -0.335574 
244698218.0000 2697.0 2631.1604 1.2911588 721.0 712.89508 0.327865 
245303018.0000 2582.0 2597.6147 -0.293577 723.0 730.703 -0.260728 
245907818.0000 2468.0 2522.3081 -1.071906 695.0 705.99517 -0.389687 
246512618.0000 2792.0 2820.1892 -0.519114 726.0 756.14782 -1.079236 
247117418.0000 3405.0 3485.6516 -1.360016 922.0 927.60766 -0.162378 
247722218.0000 3766.0 3834.8813 -1.104841 1009.0 1032.8735 -0.724841 
248327018.0000 3516.0 3560.9484 -0.743618 878.0 949.07183 -2.314599 
248931818.0000 2931.0 2935.9782 -0.079592 798.0 779.12402 0.697261 
249536618.0000 2656.0 2621.2729 0.689767 718.0 720.86596 -0.081957 
250141418.0000 2535.0 2606.4028 -1.391901 691.0 730.74926 -1.459009 
250746218.0000 2536.0 2582.8906 -0.912265 745.0 708.50616 1.3841878 
251351018.0000 3191.0 3113.8481 1.3888121 818.0 828.94592 -0.357778 
251955818.0000 3554.0 3509.435 0.7618989 969.0 934.73022 1.1357319 
252560618.0000 3798.0 3886.3896 -1.412504 1082.0 1047.2171 1.0893816 
253165418.0000 3332.0 3373.3652 -0.702148 908.0 893.22314 0.5152717 
253770218.0000 2657.0 2725.718 -1.30895 759.0 724.65588 1.2903575 
254375018.0000 2718.0 2735.8815 -0.329468 799.0 758.34124 1.4873944 
254979818.0000 2662.0 2694.7766 -0.619793 783.0 751.75262 1.1559253 
255584618.0000 2706.0 2794.4426 -1.669285 758.0 765.92987 -0.262867 
256189418.0000 3387.0 3270.9638 2.0285935 901.0 872.58978 0.9789731 
256794218.0000 3678.0 3653.5573 0.4149372 977.0 988.79473 -0.354565 
257399018.0000 3555.0 3575.2668 -0.3281 961.0 953.28619 0.271041 
258003818.0000 3008.0 3034.1179 -0.462704 823.0 800.63012 0.810314 
258608618.0000 795.0 798.01336 -0.083114 221.0 217.51068 0.280946 
259213418.0000 2721.0 2699.1513 0.432778 739.0 755.26239 -0.569477 
259818218.0000 2615.0 2710.6047 -1.834329 738.0 742.19561 -0.129642 
260423018.0000 2949.0 3030.4282 -1.473677 839.0 810.41253 1.0215672 
261027818.0000 3461.0 3550.2165 -1.492397 903.0 954.97576 -1.675605 
261632618.0000 3778.0 3756.0109 0.3692999 1000.0 1017.3964 -0.525962 
262237418.0000 3439.0 3452.8056 -0.223743 941.0 924.97515 0.5472 
262842218.0000 2817.0 2820.4777 -0.052942 755.0 752.01709 0.1329826 
263447018.0000 2376.0 2337.2673 0.812691 637.0 649.92987 -0.482573 
264051818.0000 2514.0 2481.8674 0.6569436 656.0 688.41662 -1.219623 
264656618.0000 2650.0 2630.8032 0.386787 746.0 712.77417 1.2596679 
265261418.0000 2917.0 2995.7668 -1.433194 769.0 797.25549 -0.982843 
265866218.0000 3484.0 3577.7294 -1.562698 975.0 957.98742 0.569467 
266471018.0000 3545.0 3658.1489 -1.869416 991.0 988.19146 0.1104898 
267075818.0000 3165.0 3183.5612 -0.317449 868.0 848.39776 0.6931536 
267680618.0000 2630.0 2679.3613 -0.943611 686.0 722.49188 -1.344124 
268285418.0000 2709.0 2719.4367 -0.187468 758.0 766.69439 -0.290439 
268890218.0000 2505.0 2564.3288 -1.162906 703.0 717.16607 -0.505699 
269495018.0000 2943.0 2869.8093 1.3728536 762.0 771.40637 -0.315277 
270099818.0000 3561.0 3584.5368 -0.3824 974.0 954.25799 0.6583518 
270704618.0000 4111.0 4074.1547 0.5867999 1049.0 1080.9975 -0.957611 
271309418.0000 3743.0 3829.5573 -1.393189 1005.0 1014.6674 -0.282991 
271914218.0000 2947.0 2980.4685 -0.601948 808.0 790.74017 0.6351336 
272519018.0000 2372.0 2380.5764 -0.162205 623.0 646.43212 -0.900769 
273123818.0000 2195.0 2224.4025 -0.61061 599.0 620.23657 -0.830615 
273728618.0000 2369.0 2388.0332 -0.376329 681.0 651.69866 1.165129 
274333418.0000 3372.0 3344.5139 0.4861297 898.0 894.63232 0.1347842 
274938218.0000 4262.0 4223.1274 0.607491 1072.0 1102.0747 -0.889855 
275543018.0000 4808.0 4798.082 0.1527493 1189.0 1241.5986 -1.484309 
276147818.0000 3755.0 3686.6787 1.1326928 977.0 968.60009 0.2908765 
276752618.0000 3100.0 2990.6572 1.9994953 854.0 799.9328 1.9138178 
277357418.0000 2197.0 2101.9577 2.0720458 602.0 573.84295 1.1934329 
277962218.0000 1889.0 1930.8033 -0.939549 565.0 531.15344 1.4818128 
278567018.0000 2496.0 2615.2609 -2.336922 704.0 707.77038 -0.116751 
279171818.0000 3582.0 3651.0866 -1.1359 974.0 968.39807 0.2012286 
279776618.0000 4692.0 4580.7304 1.6472172 1208.0 1187.9469 0.599435 
280381418.0000 4762.0 4617.9809 2.1181519 1227.0 1199.7719 0.8022561 
280986218.0000 3674.0 3626.5339 0.7975193 1018.0 961.63275 1.8215047 
281591018.0000 2529.0 2598.3889 -1.354197 685.0 701.56079 -0.602382 
282195818.0000 1901.0 1897.2901 0.1004374 507.0 521.97052 -0.629005 
282800618.0000 2137.0 2158.071 -0.439931 587.0 591.1845 -0.14483 
283405418.0000 2826.0 2902.2055 -1.408353 747.0 781.06835 -1.20387 
284010218.0000 4074.0 3949.5405 1.980653 995.0 1038.7534 -1.346306 
284615018.0000 4700.0 4656.0366 0.6530228 1187.0 1204.4595 -0.485011 
285219818.0000 4292.0 4254.9594 0.5772144 1174.0 1112.2701 1.8538703 
285824618.0000 3470.0 3379.4487 1.5621547 943.0 905.53765 1.258374 
286429418.0000 2230.0 2223.1159 0.1600539 605.0 603.52453 0.0871498 
287034218.0000 1850.0 1810.41 0.9426656 461.0 497.47641 -1.625474 
287639018.0000 2323.0 2394.3242 -1.451209 658.0 652.77587 0.2302291 
288243818.0000 3615.0 3537.8171 1.3040995 979.0 942.40179 1.2060608 
288848618.0000 4274.0 4271.0351 0.0555627 1102.0 1114.0213 -0.340783 
289453418.0000 4554.0 4506.4917 0.7163644 1159.0 1167.2713 -0.22283 
290058218.0000 3768.0 3762.2211 0.1050526 1016.0 995.58593 0.6657884 
290663018.0000 2799.0 2884.7766 -1.592522 738.0 783.0263 -1.600649 
291267818.0000 2195.0 2212.394 -0.356084 633.0 606.05023 1.113484 
291872618.0000 2260.0 2202.1535 1.2414479 614.0 603.03991 0.4719766 
292477418.0000 2063.0 2068.9519 -0.116246 525.0 556.80157 -1.332123 
293082218.0000 3807.0 3764.6721 0.6994078 993.0 996.52996 -0.090749 
293687018.0000 4392.0 4523.645 -1.956926 1148.0 1172.7158 -0.704705 
294291818.0000 4304.0 4251.145 0.8191665 1071.0 1111.9615 -1.215825 
294896618.0000 3444.0 3587.3906 -2.398997 963.0 955.57659 0.26135 
295501418.0000 2813.0 2764.7575 0.9274525 673.0 744.92657 -2.654374 
296106218.0000 2167.0 2237.2634 -1.479146 610.0 605.89593 0.1935706 
296711018.0000 2262.0 2294.573 -0.667638 649.0 621.21618 1.1329786 
297315818.0000 3046.0 2986.6054 1.0953747 815.0 805.90435 0.3432057 
297920618.0000 3884.0 3854.7277 0.4815947 1040.0 1006.8619 1.0595004 
298525418.0000 4505.0 4491.7348 0.2077711 1080.0 1162.1267 -2.418385 
299130218.0000 4174.0 4140.8422 0.5249294 1058.0 1085.9179 -0.830483 
299735018.0000 3025.0 3130.3518 -1.881656 830.0 838.59893 -0.274359 
300339818.0000 2281.0 2176.4643 2.2372307 636.0 593.76452 1.7401361 
300944618.0000 1910.0 1879.9943 0.7055038 522.0 516.48565 0.271451 
301549418.0000 2256.0 2330.2468 -1.53241 630.0 631.40167 -0.029256 
302154218.0000 3658.0 3638.7175 0.3304142 965.0 964.49517 0.0377162 
302759018.0000 4438.0 4540.2631 -1.513469 1217.0 1178.9594 1.1212465 
303363818.0000 4715.0 4613.1181 1.5043083 1217.0 1195.5988 0.636282 
303968618.0000 3649.0 3681.1674 -0.519941 986.0 967.91223 0.6009044 
304573418.0000 2765.0 2680.445 1.6374696 694.0 721.87249 -1.019088 
305178218.0000 1955.0 1932.8222 0.5186075 541.0 528.78894 0.5577931 
305783018.0000 2009.0 1973.6291 0.8087506 539.0 540.41473 -0.032185 
306387818.0000 2775.0 2846.5239 -1.333668 767.0 764.85931 0.1014514 
306992618.0000 1480.0 1526.9083 -1.189459 435.0 405.05456 1.5025459 
307597418.0000 4642.0 4675.8032 -0.485171 1182.0 1208.0081 -0.731706 
308202218.0000 4455.0 4376.1699 1.1981158 1138.0 1138.8773 -0.00624 
308807018.0000 3672.0 3534.4885 2.3093287 945.0 946.14196 -0.015452 
309411818.0000 2535.0 2415.8291 2.4184227 659.0 649.99365 0.3784912 
310016618.0000 1916.0 1935.0306 -0.418135 505.0 531.69427 -1.138227 
310621418.0000 2164.0 2255.7531 -1.930972 610.0 612.22503 -0.06301 
311226218.0000 3362.0 3351.0214 0.201053 935.0 893.24218 1.4085112 
311831018.0000 4329.0 4294.6728 0.533259 1163.0 1120.9018 1.269366 
312435818.0000 4910.0 4872.6772 0.5435216 1353.0 1256.6265 2.7033748 
313040618.0000 4015.0 4037.531 -0.344408 1036.0 1056.3516 -0.607575 
313645418.0000 3190.0 3067.5598 2.2081227 783.0 822.61157 -1.368833 
314250218.0000 2098.0 2148.4614 -1.078488 605.0 584.2843 0.8793201 
314855018.0000 1948.0 1933.3698 0.3474386 527.0 530.80645 -0.136421 
315459818.0000 3303.0 3417.1545 -1.952324 935.0 922.20043 0.4423789 
316064618.0000 3857.0 3881.3486 -0.380515 1034.0 1033.3652 0.0404767 
316669418.0000 4335.0 4342.1372 -0.09822 1132.0 1129.5589 0.0924278 
317274218.0000 4319.0 4338.1699 -0.281131 1124.0 1130.0376 -0.159902 
317879018.0000 3753.0 3745.0642 0.1405175 999.0 988.04638 0.3689705 
318483818.0000 2690.0 2586.1977 2.0406849 680.0 696.81195 -0.614037 
319088618.0000 1909.0 1879.3848 0.6966596 528.0 514.78527 0.6091297 
319693418.0000 2149.0 2187.528 -0.811868 564.0 601.50836 -1.517979 
320298218.0000 3011.0 3114.134 -1.846414 838.0 836.9721 0.0585557 
320903018.0000 3773.0 3873.9716 -1.618595 1036.0 1018.1714 0.5779023 
321507818.0000 4508.0 4508.0092 0.0097883 1106.0 1170.1682 -1.873579 
322112618.0000 4197.0 4214.3627 -0.257357 1061.0 1100.0058 -1.162812 
322717418.0000 1590.0 1617.9309 -0.679747 454.0 428.86294 1.2339017 
323322218.0000 2326.0 2315.4094 0.2337631 651.0 627.22082 0.9699032 
323927018.0000 1948.0 1937.994 0.2422156 536.0 530.70056 0.2585112 
324531818.0000 357.0 359.07016 -0.074117 108.0 97.823356 1.0772602 
325136618.0000 2944.0 2896.0964 0.9000394 749.0 767.87591 -0.659768 
325741418.0000 4266.0 4298.6123 -0.487853 1062.0 1117.6826 -1.659445 
326346218.0000 4729.0 4789.7299 -0.869696 1197.0 1235.794 -1.09026 
326951018.0000 4123.0 4021.7788 1.5999176 1084.0 1055.5606 0.8918147 
327555818.0000 2821.0 2843.2485 -0.405262 765.0 765.31622 0.0126682 
328160618.0000 1896.0 1976.4733 -1.807436 510.0 539.51995 -1.25359 
328765418.0000 2060.0 1992.3461 1.5220189 546.0 543.86816 0.1199047 
329370218.0000 2679.0 2710.0481 -0.584705 747.0 729.53772 0.6684702 
329975018.0000 3679.0 3645.0439 0.5725672 886.0 955.86206 -2.266019 
330579818.0000 4449.0 4424.518 0.3777228 1167.0 1142.1104 0.7534322 
331184618.0000 4525.0 4512.0127 0.2031684 1223.0 1169.8383 1.5619859 
331789418.0000 3600.0 3542.3371 0.9773762 952.0 935.67327 0.5538903 
332394218.0000 2493.0 2462.4243 0.6282792 703.0 662.78741 1.5720199 
332999018.0000 1866.0 1877.8753 -0.258916 493.0 515.22448 -0.956537 
333603818.0000 2080.0 2043.6452 0.8164923 583.0 554.64477 1.2218469 
334208618.0000 3147.0 3240.7275 -1.642663 856.0 869.25128 -0.427891 
334813418.0000 4072.0 4092.7463 -0.314128 1130.0 1074.127 1.7103749 
335418218.0000 4360.0 4522.3081 -2.418208 1117.0 1172.3808 -1.610675 
336023018.0000 3653.0 3574.655 1.316706 887.0 933.2304 -1.503942 
336627818.0000 2637.0 2540.8137 1.9094414 695.0 679.16296 0.6307654 
337232618.0000 1339.0 1320.7049 0.5205346 354.0 361.64981 -0.36842 
337837418.0000 2065.0 2069.6538 -0.087673 564.0 567.57177 -0.122051 
338442218.0000 2680.0 2696.4182 -0.303641 735.0 727.8576 0.2889488 
339047018.0000 3419.0 3398.9887 0.3543201 949.0 904.19763 1.499742 
339651818.0000 4225.0 4239.7871 -0.216978 1129.0 1102.8252 0.8050381 
340256618.0000 4109.0 4213.2002 -1.601662 1064.0 1091.7727 -0.8238 
340861418.0000 3563.0 3551.3276 0.2069367 967.0 940.22039 0.8908172 
341466218.0000 3151.0 3034.7893 2.1082286 796.0 814.58996 -0.630328 
342071018.0000 2378.0 2384.4802 -0.119104 683.0 651.55859 1.247803 
342675818.0000 2432.0 2367.4299 1.3346978 658.0 644.6286 0.5509436 
343280618.0000 2914.0 2910.5478 0.0763306 831.0 788.00415 1.5414191 
343885418.0000 3672.0 3685.5798 -0.212829 999.0 972.54632 0.8656694 
344490218.0000 4347.0 4411.8764 -0.969059 1136.0 1142.218 -0.164393 
345095018.0000 4129.0 4153.8212 -0.375149 1151.0 1085.3831 1.9920101 
345699818.0000 3473.0 3426.1606 0.8097482 902.0 914.76739 -0.400986 
346304618.0000 2559.0 2506.0737 1.0667883 666.0 680.10015 -0.516842 
346909418.0000 2078.0 2042.9306 0.7883639 606.0 564.4085 1.7572978 
347514218.0000 2210.0 2226.4702 -0.335323 581.0 603.84051 -0.908009 
348119018.0000 3294.0 3331.8554 -0.645482 916.0 888.73107 0.9322548 
348723818.0000 4267.0 4265.1123 0.0391098 1091.0 1112.6665 -0.631566 
349328618.0000 4523.0 4509.8833 0.2051443 1156.0 1165.2714 -0.252392 
349933418.0000 3904.0 3801.4243 1.6670159 1012.0 996.703 0.5043225 
350538218.0000 2848.0 2799.435 0.927787 739.0 746.39019 -0.246481 
351143018.0000 2134.0 2095.3964 0.8552406 582.0 570.05932 0.5261351 
351747818.0000 1887.0 1917.3433 -0.679513 493.0 525.34088 -1.396249 
352352618.0000 2467.0 2558.5446 -1.807459 644.0 687.84674 -1.66417 
352957418.0000 2629.0 2612.7258 0.3310739 629.0 689.31274 -2.30592 
353562218.0000 4613.0 4672.4926 -0.862408 1153.0 1205.0297 -1.490364 
354167018.0000 4545.0 4493.5522 0.7759422 1156.0 1162.1887 -0.162112 
354771818.0000 3635.0 3686.2297 -0.834722 1003.0 974.14056 0.9413166 
355376618.0000 2616.0 2656.9868 -0.784218 726.0 714.3034 0.4612798 
355981418.0000 1754.0 1761.916 -0.172826 487.0 482.2189 0.2476341 
356586218.0000 2184.0 2126.1352 1.263643 561.0 579.16918 -0.731019 
357191018.0000 3183.0 3047.7983 2.4431438 821.0 816.10784 0.1943715 
357795818.0000 4082.0 4086.5058 -0.060066 1027.0 1070.7198 -1.324733 
358400618.0000 4722.0 4661.9218 0.887746 1240.0 1201.0387 1.1372898 
359005418.0000 4338.0 4265.5327 1.116612 1082.0 1109.9466 -0.822237 
359610218.0000 3179.0 3213.8891 -0.604745 841.0 858.71044 -0.583583 
360215018.0000 2251.0 2212.9904 0.8197864 612.0 599.01983 0.555515 
360819818.0000 1856.0 1899.895 -0.995565 562.0 520.09179 1.8423228 
361424618.0000 2418.0 2409.8515 0.1794633 675.0 650.94232 0.9630674 
362029418.0000 3178.0 3229.9941 -0.905544 847.0 855.98736 -0.284868 
362634218.0000 3865.0 3876.7465 -0.178037 985.0 1005.8311 -0.637966 
363239018.0000 2679.0 2609.3803 1.3698531 655.0 675.92517 -0.78319 
363843818.0000 4103.0 3966.1562 2.1710622 1055.0 1041.095 0.4505744 
364448618.0000 2888.0 2865.9914 0.4230047 804.0 766.38812 1.371482 
365053418.0000 2027.0 2025.099 0.057047 578.0 550.44073 1.1930658 
365658218.0000 2005.0 1975.4727 0.6776231 494.0 536.2243 -1.818701 
366263018.0000 2696.0 2689.374 0.1405623 738.0 726.49322 0.4504109 
366867818.0000 3791.0 3721.7534 1.1424512 1032.0 981.15765 1.6303859 
367472618.0000 4323.0 4296.2773 0.4174263 1112.0 1112.8802 -0.0064 
368077418.0000 4208.0 4064.1611 2.2535016 1164.0 1057.7889 3.233102 
368682218.0000 3217.0 3169.4819 0.8537363 803.0 838.29303 -1.204356 
369287018.0000 2374.0 2382.2097 -0.154627 635.0 647.85107 -0.480236 
369891818.0000 2098.0 2082.1284 0.3619669 568.0 571.47064 -0.117394 
370496618.0000 214.0 222.29724 -0.514818 56.0 59.920589 -0.424409 
371101418.0000 3136.0 3144.5107 -0.139941 794.0 841.06994 -1.615161 
371706218.0000 4030.0 3876.2619 2.4638335 949.0 1014.0778 -2.044731 
372311018.0000 4415.0 4446.2382 -0.459012 1144.0 1150.2705 -0.165367 
372915818.0000 3846.0 3874.4064 -0.446195 961.0 1017.4479 -1.765174 
373520618.0000 3244.0 3253.0859 -0.147678 909.0 869.12262 1.3648196 
374125418.0000 2427.0 2410.4548 0.350161 652.0 656.04705 -0.132094 
374730218.0000 2224.0 2204.2641 0.4339002 581.0 600.4002 -0.768602 
375335018.0000 2664.0 2737.8754 -1.405443 745.0 740.57305 0.1869668 
375939818.0000 3530.0 3479.5412 0.8646113 923.0 926.29595 -0.086432 
376544618.0000 4134.0 4132.0918 0.0400528 1023.0 1072.8366 -1.512914 
377149418.0000 4566.0 4485.0883 1.2144632 1195.0 1165.2052 0.8885549 
377754218.0000 3219.0 3243.5827 -0.420451 863.0 860.54327 0.1064129 
378359018.0000 2578.0 2618.184 -0.774265 662.0 708.47674 -1.740204 
378963818.0000 1857.0 1881.7535 -0.55646 490.0 512.89758 -0.988893 
379568618.0000 1998.0 2043.2835 -0.990678 510.0 556.64947 -1.976871 
380173418.0000 2985.0 2982.9489 0.0497547 771.0 799.77868 -0.999993 
380778218.0000 4036.0 4151.0581 -1.783734 1047.0 1086.2985 -1.179201 
381383018.0000 4760.0 4743.396 0.2506163 1201.0 1223.5733 -0.628168 
381987818.0000 4356.0 4299.771 0.8657796 1088.0 1117.3858 -0.862896 
382592618.0000 3318.0 3307.8527 0.187921 905.0 877.82672 0.9347737 
383197418.0000 2286.0 2223.2194 1.3393076 585.0 602.19335 -0.676616 
383802218.0000 1840.0 1823.2684 0.4068168 470.0 500.23721 -1.335553 
384407018.0000 1128.0 1124.3685 0.1281051 305.0 301.66387 0.229981 
385011818.0000 3514.0 3399.478 1.964635 924.0 902.40893 0.7379417 
385616618.0000 4436.0 4489.642 -0.792186 1170.0 1161.8107 0.259494 
386221418.0000 4697.0 4815.6069 -1.706578 1270.0 1241.8646 0.8141976 
386826218.0000 4137.0 4024.7885 1.7710462 1046.0 1057.0427 -0.319676 
387431018.0000 2586.0 2528.675 1.1488847 651.0 674.38952 -0.880018 
388035818.0000 1987.0 1947.555 0.9058375 533.0 530.2453 0.1484313 
388640618.0000 1914.0 1900.2522 0.3302582 578.0 518.44891 2.5959336 
389245418.0000 2491.0 2659.1157 -3.282282 736.0 716.55188 0.7479891 
389850218.0000 4030.0 3922.8059 1.7143359 1018.0 1032.304 -0.425402 
390455018.0000 980.0 999.52911 -0.598531 245.0 258.03683 -0.776439 
391059818.0000 4504.0 4447.4751 0.8557569 1137.0 1153.4049 -0.464481 
391664618.0000 3569.0 3561.8342 0.1311922 933.0 947.05523 -0.4361 
392269418.0000 2625.0 2578.1877 0.932229 698.0 701.7611 -0.116901 
392874218.0000 2065.0 1994.3216 1.5882291 526.0 547.84063 -0.910607 
393479018.0000 1966.0 2022.8225 -1.254439 505.0 543.49432 -1.642076 
394083818.0000 3137.0 3139.5705 -0.033981 765.0 838.32775 -2.547261 
394688618.0000 3911.0 3961.259 -0.789607 1015.0 1034.2763 -0.580419 
395293418.0000 4428.0 4353.0761 1.142412 1159.0 1122.4774 1.1039959 
395898218.0000 4035.0 4142.646 -1.669356 1109.0 1082.7115 0.8158488 
396503018.0000 3004.0 2935.3354 1.2747014 794.0 780.81304 0.494344 
397107818.0000 2104.0 2019.8167 1.8750048 525.0 548.6137 -0.986702 
397712618.0000 1945.0 1902.6572 0.98235 505.0 519.58422 -0.613358 
398317418.0000 2243.0 2240.1577 0.0741198 636.0 603.38708 1.3427003 
398922218.0000 3088.0 3185.8352 -1.730408 881.0 832.94128 1.6722767 
399527018.0000 3948.0 4009.9392 -0.97009 1068.0 1037.3258 0.9682786 
400131818.0000 4164.0 4145.1079 0.3035545 1090.0 1075.5263 0.4605984 
400736618.0000 3421.0 3429.9257 -0.14108 915.0 914.27374 0.0460569 
401341418.0000 2610.0 2615.8085 -0.100568 711.0 707.68139 0.1496758 
401946218.0000 2157.0 2164.3054 -0.142777 585.0 594.58544 -0.366696 
402551018.0000 2410.0 2427.0327 -0.332583 659.0 660.93005 -0.049159 
403155818.0000 3131.0 3190.7983 -1.050083 815.0 856.2398 -1.397786 
403760618.0000 2261.0 2269.6655 -0.167998 595.0 600.4038 -0.193589 
404365418.0000 3326.0 3294.9245 0.5521049 870.0 856.24865 0.4913685 
404970218.0000 3767.0 3818.5178 -0.824756 1028.0 999.60534 0.9148058 
405575018.0000 2915.0 2970.0603 -1.001159 807.0 789.50579 0.6439051 
406179818.0000 2787.0 2688.0376 1.9099522 746.0 726.81073 0.7332248 
406784618.0000 2408.0 2326.3154 1.6974935 618.0 633.90173 -0.607583 
407389418.0000 2618.0 2663.2612 -0.866558 701.0 720.13147 -0.691077 
407994218.0000 5302.0 5396.4897 -1.280918 1414.0 1432.1358 -0.462567 
408599018.0000 7013.0 7011.3818 0.0272854 1838.0 1818.1184 0.481013 
409203818.0000 5260.0 5437.7841 -2.415105 1398.0 1400.7764 -0.056387 
409808618.0000 3026.0 3065.7124 -0.706703 787.0 800.43341 -0.452473 
410413418.0000 2289.0 2272.5407 0.3588035 578.0 600.88702 -0.912188 
411018218.0000 1696.0 1670.7012 0.633628 415.0 451.15399 -1.693509 
411623018.0000 1786.0 1798.096 -0.269826 480.0 484.93496 -0.19412 
412227818.0000 1100.0 1111.4515 -0.324029 308.0 297.96246 0.616518 
413437418.0000 3296.0 3328.7324 -0.556678 862.0 860.31378 0.0801849 
414042218.0000 3706.0 3652.747 0.8899749 958.0 944.83856 0.4487901 
414647018.0000 2737.0 2753.2834 -0.297907 705.0 723.23065 -0.655803 
415251818.0000 3270.0 3288.5771 -0.312609 867.0 881.6394 -0.471847 
415856618.0000 1538.0 1594.4224 -1.404614 409.0 431.82455 -1.075676 
416461418.0000 1494.0 1449.3659 1.1838191 372.0 387.62231 -0.764645 
417066218.0000 3198.0 3172.9753 0.4554845 795.0 842.52929 -1.629864 
417671018.0000 4107.0 4103.3115 0.0679776 1074.0 1067.5681 0.217023 
418275818.0000 3163.0 3250.0212 -1.521551 809.0 840.79132 -1.08016 
418880618.0000 3265.0 3283.7238 -0.315404 828.0 855.33978 -0.916853 
419485418.0000 2522.0 2517.447 0.1039958 668.0 663.20867 0.2116578 
420090218.0000 2002.0 2017.7965 -0.337244 485.0 545.71044 -2.619897 
420695018.0000 1901.0 1899.0046 0.0610735 532.0 519.06695 0.594376 
421299818.0000 2552.0 2585.924 -0.655422 740.0 693.53277 1.7701295 
421904618.0000 3843.0 3732.821 1.8054062 944.0 986.14129 -1.330188 
422509418.0000 4814.0 4623.3095 2.7952137 1171.0 1194.5913 -0.665427 
423114218.0000 5319.0 5283.5781 0.4959216 1468.0 1358.4824 2.9504132 
423719018.0000 5508.0 5404.7495 1.4090261 1483.0 1399.892 2.2173042 
424323818.0000 4663.0 4557.3969 1.5681151 1222.0 1187.7624 1.0078983 
424928618.0000 2606.0 2595.8171 0.2128007 717.0 692.39709 0.9546144 
425533418.0000 2718.0 2611.2204 2.0885062 695.0 692.82641 0.1078384 
426138218.0000 2896.0 2913.1191 -0.305117 761.0 778.1267 -0.592192 
426743018.0000 3883.0 3874.5231 0.1468383 1031.0 1012.9811 0.5853148 
427347818.0000 4207.0 4182.2519 0.3925933 1065.0 1079.3219 -0.416537 
427952618.0000 3075.0 2984.0241 1.6691666 782.0 775.93347 0.2413792 
428557418.0000 2532.0 2566.7207 -0.673672 693.0 676.55688 0.6550815 
429162218.0000 1782.0 1751.3504 0.746111 474.0 468.91961 0.2648749 
429767018.0000 1689.0 1654.0804 0.8718953 418.0 447.23977 -1.365968 
430371818.0000 1352.0 1319.2453 0.9163278 319.0 353.23403 -1.815636 
430976618.0000 3349.0 3426.7282 -1.321424 926.0 899.86248 0.8891862 
431581418.0000 4021.0 4101.75 -1.254535 1095.0 1063.9234 0.968432 
432186218.0000 3832.0 3860.8425 -0.454015 990.0 998.03283 -0.233461 
432791018.0000 2998.0 3026.0283 -0.498157 801.0 789.78784 0.421648 
433395818.0000 2269.0 2218.8566 1.0745927 583.0 588.00244 -0.179031 
434000618.0000 1692.0 1685.8828 0.1651118 424.0 454.44265 -1.412549 
434605418.0000 1843.0 1856.6292 -0.30119 513.0 499.34033 0.6381231 
435210218.0000 2720.0 2781.883 -1.164948 750.0 743.68127 0.2557635 
435815018.0000 3707.0 3720.8061 -0.215535 926.0 971.69671 -1.455984 
436419818.0000 4146.0 4192.3798 -0.7073 1077.0 1082.9814 -0.161637 
437024618.0000 3452.0 3506.8203 -0.916847 932.0 908.65118 0.7932493 
437629418.0000 2739.0 2761.5056 -0.416136 734.0 724.47778 0.377675 
438234218.0000 2056.0 2014.2611 0.941581 573.0 538.1665 1.5139817 
438839018.0000 1753.0 1730.6897 0.5511043 456.0 467.93386 -0.523004 
439443818.0000 2191.0 2307.2002 -2.425815 639.0 628.0354 0.4627249 
440048618.0000 3140.0 3107.885 0.5870053 798.0 824.80609 -0.915067 
440653418.0000 3927.0 3959.8166 -0.511604 1075.0 1026.25 1.5304803 
441258218.0000 4416.0 4479.874 -0.946591 1103.0 1155.0461 -1.523242 
441863018.0000 3996.0 3982.5202 0.2240324 1017.0 1044.3244 -0.828478 
442467818.0000 3027.0 3059.0385 -0.568194 802.0 819.72192 -0.597799 
443072618.0000 2045.0 2025.9322 0.4377394 562.0 547.89801 0.6281751 
443677418.0000 1940.0 1952.9157 -0.277474 491.0 533.77911 -1.847651 
444282218.0000 2547.0 2657.1193 -2.138205 647.0 710.83795 -2.405937 
444887018.0000 3822.0 3844.4523 -0.351699 1009.0 1009.411 0.0080467 
445491818.0000 4593.0 4775.4531 -2.647574 1161.0 1230.2788 -1.9748 
446096618.0000 4402.0 4486.1362 -1.250116 1161.0 1159.0012 0.0782653 
446701418.0000 3490.0 3611.4387 -2.021054 929.0 952.31164 -0.736766 
447306218.0000 2451.0 2532.1032 -1.607095 658.0 680.68023 -0.848404 
447911018.0000 1952.0 1903.4095 1.124221 523.0 520.30175 0.1473695 
448515818.0000 2196.0 2226.5412 -0.634551 594.0 600.60815 -0.242847 
449120618.0000 3086.0 3099.1582 -0.224537 770.0 823.47088 -1.860388 
449725418.0000 3980.0 4037.8579 -0.902168 1056.0 1047.9165 0.2699359 
450330218.0000 4930.0 4917.6655 0.1853154 1161.0 1264.5488 -2.933851 
450935018.0000 4091.0 4221.1899 -2.003905 1108.0 1099.7611 0.2681895 
451539818.0000 3089.0 3135.0681 -0.812834 846.0 832.71429 0.4821807 
452144618.0000 2255.0 2196.5148 1.2565362 565.0 595.00085 -1.212729 
452749418.0000 1901.0 1898.434 0.0741716 507.0 518.06616 -0.458462 
453354218.0000 2556.0 2604.7812 -0.945671 721.0 698.01776 0.890164 
453959018.0000 3728.0 3792.1018 -1.033023 958.0 999.94763 -1.314629 
454563818.0000 4499.0 4578.8877 -1.17415 1146.0 1183.3626 -1.072354 
455168618.0000 4600.0 4683.5556 -1.21479 1213.0 1207.9032 0.1657033 
455773418.0000 3818.0 3834.8422 -0.261393 1010.0 1010.3105 0.0112033 
456378218.0000 3121.0 3164.624 -0.765363 931.0 940.81964 -0.2989 
456983018.0000 2138.0 2143.6145 -0.106908 555.0 591.40679 -1.484905 
457587818.0000 2001.0 2014.1585 -0.278636 555.0 551.79711 0.164548 
458192618.0000 2995.0 2923.5856 1.3276879 756.0 779.59606 -0.82532 
458797418.0000 4002.0 3921.0537 1.2988653 1056.0 1027.1478 0.9167133 
459402218.0000 4502.0 4515.7656 -0.195024 1195.0 1164.7592 0.9016746 
460007018.0000 4336.0 4298.3281 0.5839055 1197.0 1119.108 2.3216779 
460611818.0000 3221.0 3286.3286 -1.131699 909.0 876.1939 1.1237621 
461216618.0000 2300.0 2250.246 1.0589835 609.0 608.5935 0.0434923 
461821418.0000 1916.0 1895.5523 0.4840748 507.0 516.89263 -0.407035 
462426218.0000 2574.0 2547.6921 0.5334853 688.0 692.08862 -0.130186 
463031018.0000 3655.0 3667.5178 -0.1958 932.0 980.32366 -1.534729 
463635818.0000 4447.0 4302.4379 2.201817 1104.0 1117.724 -0.391331 
464240618.0000 4401.0 4375.0918 0.4013632 1144.0 1132.4349 0.3628391 
464845418.0000 3653.0 3605.0888 0.8072565 1026.0 955.7041 2.2679495 
465450218.0000 2776.0 2829.5422 -0.997156 784.0 770.02179 0.5261178 
466055018.0000 2352.0 2390.9646 -0.785341 625.0 649.17663 -0.928415 
466659818.0000 2311.0 2392.7038 -1.666192 685.0 651.61181 1.3227692 
467264618.0000 3025.0 3174.7895 -2.66775 819.0 851.54772 -1.099479 
467869418.0000 3855.0 3827.2597 0.4586152 986.0 1010.1997 -0.743339 
468474218.0000 4366.0 4402.8501 -0.546065 1141.0 1140.5809 0.0321435 
469079018.0000 4346.0 4272.0127 1.1388874 1055.0 1111.0117 -1.674549 
469683818.0000 3476.0 3569.0876 -1.553766 968.0 949.46203 0.6211913 
470288618.0000 2679.0 2689.0925 -0.181878 704.0 725.97503 -0.794788 
470893418.0000 2368.0 2273.7712 1.9765024 616.0 620.41192 -0.150521 
471498218.0000 2344.0 2434.1355 -1.824727 656.0 667.72821 -0.429278 
472103018.0000 3039.0 3058.9523 -0.349067 813.0 811.109 0.0897624 
472707818.0000 4004.0 4031.4963 -0.423025 1015.0 1044.0852 -0.883554 
473312618.0000 4444.0 4449.0981 -0.066446 1149.0 1149.8388 -0.005076 
473917418.0000 2946.0 2995.0105 -0.885768 795.0 786.81494 0.3149895 
474522218.0000 2271.0 2227.9013 0.9242161 623.0 602.70098 0.8491599 
475127018.0000 1975.0 2006.0293 -0.679639 525.0 543.22894 -0.757665 
475731818.0000 1857.0 1814.4866 1.0097264 488.0 496.21926 -0.33993 
476336618.0000 2795.0 2741.9619 1.0222976 727.0 735.5426 -0.290931 
476941418.0000 3853.0 3877.6137 -0.384965 1067.0 1019.5366 1.4957579 
477546218.0000 4688.0 4682.0405 0.096812 1168.0 1206.5362 -1.096038 
478151018.0000 4447.0 4435.749 0.1788583 1119.0 1147.6738 -0.830138 
478755818.0000 3605.0 3572.642 0.551669 893.0 944.78179 -1.678361 
479360618.0000 2639.0 2503.7282 2.6927278 630.0 674.79943 -1.718037 
479965418.0000 1880.0 1923.5603 -0.981685 534.0 527.37335 0.3168787 
480570218.0000 2271.0 2243.9086 0.5847896 564.0 606.49621 -1.718701 
481175018.0000 3224.0 3228.3754 -0.065285 843.0 861.2879 -0.602514 
481779818.0000 4143.0 4241.0996 -1.501913 1077.0 1105.5756 -0.842955 
482384618.0000 4828.0 4827.1005 0.0225405 1166.0 1242.0084 -2.16006 
482989418.0000 4124.0 4191.3129 -1.032193 1042.0 1096.4312 -1.637292 
483594218.0000 2865.0 2872.5644 -0.128749 763.0 761.61621 0.0742695 
484199018.0000 2125.0 2100.7548 0.5424579 549.0 570.68286 -0.885271 
484803818.0000 1618.0 1607.8077 0.2705127 453.0 438.8179 0.7049431 
485408618.0000 2498.0 2576.6135 -1.543444 696.0 693.28112 0.1284817 
486013418.0000 3716.0 3705.6792 0.1804063 986.0 977.77935 0.2837959 
486618218.0000 4560.0 4592.4306 -0.469263 1188.0 1187.5244 0.0331438 
487223018.0000 4691.0 4651.8178 0.5834317 1142.0 1202.5509 -1.741554 
487827818.0000 3151.0 3226.8273 -1.328331 880.0 845.98999 1.1842453 
488432618.0000 2320.0 2263.6357 1.1937248 639.0 608.03051 1.272149 
489037418.0000 1941.0 1907.4106 0.7820391 513.0 522.53027 -0.388876 
489642218.0000 2074.0 2041.6942 0.7277782 572.0 558.04925 0.6161366 
490247018.0000 2915.0 2929.9033 -0.263232 735.0 781.83117 -1.66774 
490851818.0000 3889.0 3944.3535 -0.872781 1075.0 1028.6729 1.4543035 
491456618.0000 4602.0 4561.3198 0.6112876 1203.0 1177.1173 0.770965 
492061418.0000 8217.0 8137.2436 0.8900843 2121.0 2120.2133 0.03156 
492666218.0000 3209.0 3206.507 0.05579 844.0 855.21252 -0.361371 
493271018.0000 2239.0 2175.3305 1.3727083 596.0 587.63092 0.3718144 
493875818.0000 2061.0 1989.3707 1.6112506 566.0 548.84057 0.7568842 
494480618.0000 2783.0 2702.9633 1.5446692 698.0 730.84075 -1.199073 
495085418.0000 3513.0 3560.0236 -0.778645 928.0 946.25756 -0.573652 
495690218.0000 4255.0 4321.2006 -0.999469 1107.0 1124.7546 -0.51083 
496295018.0000 4280.0 4360.7749 -1.21685 1145.0 1130.7089 0.4438616 
496899818.0000 2740.0 2653.6103 1.6808795 715.0 698.5559 0.6448032 
497504618.0000 1639.0 1608.9274 0.7639362 479.0 435.79287 2.0679357 
498109418.0000 1172.0 1111.8492 1.807703 318.0 307.36993 0.6405231 
498714218.0000 752.0 734.07421 0.6833854 193.0 199.16566 -0.391513 
499319018.0000 2926.0 3014.4133 -1.606055 827.0 803.66906 0.8423729 
499923818.0000 3674.0 3790.3913 -1.889383 991.0 992.95355 -0.040848 
500528618.0000 4237.0 4298.3789 -0.928228 1063.0 1113.42 -1.502407 
501133418.0000 3912.0 3947.3161 -0.552315 1004.0 1030.9727 -0.822823 
501738218.0000 3544.0 3498.6535 0.7762227 900.0 933.45636 -1.079632 
502343018.0000 2717.0 2646.8303 1.3708089 682.0 717.17077 -1.299021 
502947818.0000 2300.0 2243.3779 1.2044529 589.0 614.02227 -0.989547 
503552618.0000 1896.0 1924.8253 -0.643406 518.0 522.16619 -0.153324 
504157418.0000 3088.0 3159.873 -1.271542 852.0 833.83874 0.6496121 
504762218.0000 3075.0 3010.6931 1.1799303 763.0 782.65063 -0.681377 
505367018.0000 4553.0 4511.4946 0.6268893 1159.0 1163.7701 -0.12036 
505971818.0000 3979.0 4034.4182 -0.863964 1049.0 1058.4846 -0.271418 
506576618.0000 2919.0 2920.5959 -0.017195 791.0 781.92596 0.347638 
507181418.0000 2027.0 2025.4151 0.0500187 536.0 553.12475 -0.703339 
507786218.0000 1984.0 1974.7319 0.2233804 563.0 537.75854 1.1084911 
508391018.0000 2756.0 2767.1582 -0.199574 731.0 747.61285 -0.585315 
508995818.0000 3872.0 3869.0537 0.0580768 1009.0 1021.7371 -0.378378 
509600618.0000 4277.0 4393.0742 -1.748923 1115.0 1138.3907 -0.675778 
510205418.0000 3817.0 3929.354 -1.790292 995.0 1024.7605 -0.913219 
510810218.0000 3207.0 3176.621 0.5499411 820.0 842.16113 -0.743886 
511415018.0000 2346.0 2387.2504 -0.833005 631.0 650.53631 -0.743473 
512019818.0000 1912.0 1967.2408 -1.236208 494.0 541.59912 -2.047008 
512624618.0000 2298.0 2290.3147 0.1744147 574.0 619.57153 -1.826609 
513834218.0000 4200.0 4266.5908 -1.011885 1148.0 1111.1214 1.1201249 
514439018.0000 4763.0 4752.1464 0.1670513 1133.0 1226.241 -2.678064 
515043818.0000 4153.0 4114.9907 0.6019753 1087.0 1076.7557 0.3319603 
515648618.0000 3092.0 3041.353 0.9278725 817.0 814.29559 0.1180574 
516253418.0000 2137.0 2110.5305 0.5894296 543.0 574.82507 -1.311671 
516858218.0000 1925.0 1909.8792 0.3607602 528.0 521.33874 0.3202099 
517463018.0000 2566.0 2679.9895 -2.204756 727.0 722.07305 0.2079024 
518067818.0000 3836.0 3789.4382 0.7656342 1008.0 998.18444 0.3312091 
519277418.0000 4670.0 4575.1992 1.4065427 1228.0 1184.9974 1.2609317 
519882218.0000 3276.0 3283.7802 -0.124183 920.0 870.69915 1.6776071 
520487018.0000 2302.0 2324.9033 -0.461919 636.0 621.29772 0.6140981 
521091818.0000 1915.0 1869.2862 1.0683717 578.0 513.8637 2.8017258 
522301418.0000 2952.0 3026.6213 -1.349811 831.0 808.9425 0.7952972 
522906218.0000 4032.0 3939.7031 1.4753316 976.0 1032.168 -1.74343 
523511018.0000 4636.0 4582.7797 0.7944629 1145.0 1185.5788 -1.165776 
524115818.0000 4062.0 4047.7221 0.2347554 1095.0 1058.5797 1.1333515 
524720618.0000 2983.0 3002.1933 -0.338478 785.0 799.8366 -0.502541 
525325418.0000 2042.0 2042.6037 0.0013913 550.0 551.78747 -0.047731 
525930218.0000 1957.0 1958.5141 -0.019151 528.0 537.93957 -0.400981 
526535018.0000 2723.0 2740.1665 -0.315524 735.0 741.64355 -0.219774 
527139818.0000 3604.0 3670.4189 -1.088581 929.0 965.02697 -1.145366 
527744618.0000 4391.0 4424.4614 -0.493641 1185.0 1148.7683 1.0829296 
528349418.0000 4274.0 4302.7739 -0.428965 1129.0 1117.9472 0.3499048 
528954218.0000 3520.0 3585.8518 -1.091892 1009.0 954.85015 1.7574297 
529559018.0000 2817.0 2850.6418 -0.618815 802.0 771.90673 1.0999457 
530163818.0000 2415.0 2341.0874 1.5333207 626.0 638.16845 -0.456696 
530768618.0000 2445.0 2453.4733 -0.157692 662.0 669.40948 -0.261061 
531373418.0000 3139.0 3285.5681 -2.564608 887.0 879.82312 0.2640495 
531978218.0000 3882.0 3880.5576 0.0338539 1020.0 1022.1397 -0.046086 
532583018.0000 4413.0 4438.6918 -0.375977 1143.0 1149.201 -0.16339 
533187818.0000 4072.0 4070.8547 0.0283961 1063.0 1064.4062 -0.02267 
533792618.0000 3369.0 3352.603 0.2944551 911.0 897.04119 0.4870158 
534397418.0000 2563.0 2492.3962 1.4208735 699.0 676.83416 0.8728007 
535002218.0000 2069.0 2139.6442 -1.521206 578.0 588.4356 -0.403853 
535607018.0000 2442.0 2433.4939 0.1858316 689.0 660.83099 1.1137553 
536211818.0000 3422.0 3434.6889 -0.205258 863.0 906.61431 -1.43789 
536816618.0000 4181.0 4251.0815 -1.067565 1088.0 1103.0864 -0.435125 
537421418.0000 4325.0 4373.2773 -0.721261 1120.0 1133.6977 -0.387771 
538631018.0000 3007.0 3033.0673 -0.461866 775.0 808.6643 -1.168445 
539235818.0000 3077.0 3257.9611 -3.188565 803.0 869.29913 -2.255051 
539840618.0000 2373.0 2415.1252 -0.846055 617.0 651.03918 -1.31941 
540445418.0000 3031.0 2977.2651 0.9940131 812.0 795.70495 0.5992068 
541050218.0000 4038.0 4050.6733 -0.188746 1035.0 1060.7829 -0.774249 
541655018.0000 4750.0 4779.7695 -0.421381 1199.0 1232.1538 -0.929639 
542259818.0000 4206.0 4327.1699 -1.840495 1073.0 1125.7506 -1.56457 
542864618.0000 757.0 726.38604 1.1524845 192.0 196.36895 -0.265068 
545888618.0000 8609.0 8775.6582 -1.77756 2231.0 2282.0397 -1.058405 
546493418.0000 9681.0 9587.5918 0.9592037 2477.0 2474.5327 0.0629885 
547703018.0000 680.0 678.96508 0.0652797 185.0 182.9095 0.2033958 
548307818.0000 3974.0 3928.1626 0.7405354 1049.0 1070.5838 -0.641399 
548912618.0000 3440.0 3310.4863 2.2479825 911.0 888.15545 0.785498 
549517418.0000 4469.0 4384.3901 1.2837466 1171.0 1160.1043 0.3389115 
550122218.0000 6371.0 6289.852 1.029381 1637.0 1640.388 -0.06721 
550727018.0000 9372.0 9544.7304 -1.766529 2407.0 2463.2312 -1.123814 
551331818.0000 1306.0 1266.3619 1.1266958 321.0 326.37811 -0.261441 
551936618.0000 6936.0 6844.2573 1.1145052 1903.0 1813.0415 2.1110179 
552541418.0000 4570.0 4597.0971 -0.390195 1217.0 1234.2739 -0.473782 
553146218.0000 3744.0 3731.0656 0.2225321 986.0 1003.8908 -0.545199 
553751018.0000 4162.0 4192.7202 -0.464699 1130.0 1119.3929 0.3364028 
554355818.0000 6086.0 6222.0297 -1.722355 1698.0 1650.8703 1.1707636 
554960618.0000 2543.0 2550.3955 -0.133299 712.0 670.07672 1.6283824 
556170218.0000 5680.0 5604.1235 1.0201628 1552.0 1474.0178 2.0307366 
556775018.0000 5469.0 5509.0835 -0.531695 1438.0 1467.4145 -0.752949 
557379818.0000 3811.0 3751.7168 0.9761716 1012.0 1010.4173 0.0707392 
557984618.0000 3673.0 3754.9992 -1.332116 1056.0 1025.6468 0.9637946 
558589418.0000 1551.0 1580.2119 -0.720277 447.0 426.41882 1.0206502 
560403818.0000 2337.0 2329.2211 0.1748903 631.0 608.51794 0.932591 
561008618.0000 7498.0 7345.6455 1.7792675 1982.0 1941.4577 0.9319828 
561613418.0000 5175.0 5079.0278 1.3517477 1439.0 1364.5921 2.0141336 
562218218.0000 1415.0 1457.4542 -1.0999 435.0 396.71768 1.9248617 
562823018.0000 1902.0 2016.1783 -2.552325 554.0 546.76672 0.3370585 
563427818.0000 4362.0 4378.3359 -0.236947 1177.0 1168.0949 0.2796855 
564032618.0000 4698.0 4726.5688 -0.406252 1230.0 1233.6066 -0.083741 
565242218.0000 4078.0 4016.7702 0.9741356 1065.0 1054.2526 0.3509106 
565847018.0000 2816.0 2786.7063 0.5665389 711.0 747.40448 -1.317904 
566451818.0000 1749.0 1763.94 -0.340314 477.0 474.2807 0.1553033 
567056618.0000 3504.0 3644.5686 -2.332484 981.0 988.46698 -0.21655 
567661418.0000 4522.0 4645.2592 -1.806711 1200.0 1239.0286 -1.095558 
568266218.0000 2930.0 2984.4135 -0.986824 771.0 787.02514 -0.549276 
568871018.0000 4341.0 4381.3535 -0.600485 1029.0 1134.1427 -3.15193 
569475818.0000 4234.0 4299.1347 -0.985703 1149.0 1116.6731 0.9825596 
570080618.0000 2832.0 2743.0659 1.7016044 799.0 726.40509 2.6744599 
570685418.0000 3525.0 3396.3879 2.2044549 883.0 907.15185 -0.783172 
571290218.0000 3793.0 3829.8918 -0.586283 1027.0 1040.6026 -0.401857 
571895018.0000 3847.0 3901.229 -0.859527 1017.0 1045.8043 -0.874055 
572499818.0000 3197.0 3189.8303 0.1386915 823.0 849.71179 -0.898144 
573104618.0000 4216.0 4118.3066 1.5266794 1044.0 1076.9688 -0.989314 
573709418.0000 4861.0 4768.4404 1.3456971 1191.0 1225.967 -0.984269 
574314218.0000 4157.0 4195.8501 -0.590372 1061.0 1094.8662 -1.00851 
574919018.0000 3263.0 3300.2041 -0.637199 884.0 877.16522 0.2529313 
575523818.0000 1964.0 2036.6225 -1.604003 537.0 559.59149 -0.933031 
576128618.0000 1830.0 1805.4355 0.5924405 498.0 489.99438 0.3906525 
576733418.0000 2233.0 2232.9655 0.0148345 619.0 602.60858 0.6916756 
577338218.0000 3243.0 3257.6015 -0.244327 829.0 863.10797 -1.145793 
577943018.0000 4312.0 4382.5537 -1.058516 1119.0 1145.0998 -0.754414 
578547818.0000 4749.0 4702.4218 0.6878112 1210.0 1213.0075 -0.067234 
579152618.0000 3893.0 3879.9272 0.2204458 1041.0 1021.8391 0.6182922 
579757418.0000 2755.0 2733.8571 0.4165694 720.0 734.00439 -0.493822 
580362218.0000 2347.0 2283.6311 1.3338364 620.0 617.5155 0.1267069 
580967018.0000 3299.0 3250.319 0.8634023 909.0 869.48779 1.3523389 
581571818.0000 4319.0 4468.0732 -2.232682 1217.0 1182.369 1.0215034 
582176618.0000 5109.0 4987.416 1.7240746 1343.0 1303.7697 1.0993979 
582781418.0000 4682.0 4736.4453 -0.782905 1229.0 1218.8952 0.3080796 
583386218.0000 4333.0 4348.5717 -0.226157 1119.0 1131.3129 -0.34686 
583991018.0000 3479.0 3414.5073 1.111589 944.0 905.46533 1.2935655 
584595818.0000 3810.0 3787.1948 0.3810173 995.0 1015.4046 -0.621457 
585200618.0000 3851.0 3771.7663 1.2964522 1086.0 1009.1816 2.4089283 
585805418.0000 4328.0 4283.4428 0.6897819 1143.0 1139.3319 0.1283439 
586410218.0000 2773.0 2641.7868 2.5449512 713.0 705.21991 0.3174563 
587015018.0000 4170.0 4165.0727 0.0866573 1057.0 1088.3824 -0.935499 
587619818.0000 4438.0 4419.8012 0.2835702 1099.0 1141.8811 -1.257102 
588224618.0000 3755.0 3730.8571 0.4057275 1006.0 977.04614 0.9429198 
588829418.0000 4057.0 4052.9179 0.0745795 1115.0 1077.4851 1.156443 
589434218.0000 3882.0 3783.4455 1.6061346 1053.0 1013.9894 1.2380554 
590039018.0000 2271.0 2298.2209 -0.554989 628.0 624.5332 0.1652266 
590643818.0000 3058.0 3068.4453 -0.176623 811.0 820.92498 -0.323752 
591248618.0000 3084.0 3144.0473 -1.062382 824.0 839.40258 -0.510133 
591853418.0000 4403.0 4436.1762 -0.488698 1108.0 1148.4416 -1.180598 
592458218.0000 4200.0 4113.7602 1.3502571 1022.0 1076.4565 -1.653453 
593063018.0000 3377.0 3458.9177 -1.386998 944.0 923.98864 0.6777669 
593667818.0000 2786.0 2687.0117 1.910807 755.0 722.38537 1.2289866 
594272618.0000 2288.0 2223.7302 1.37044 634.0 609.46673 1.0138919 
594877418.0000 3203.0 3277.6472 -1.297137 907.0 883.44177 0.8113712 
595482218.0000 4732.0 4683.1821 0.7218353 1286.0 1244.8465 1.1787786 
596087018.0000 5569.0 5554.8872 0.1982148 1442.0 1451.437 -0.230442 
596691818.0000 4411.0 4411.2109 0.0068602 1131.0 1141.1372 -0.280748 
597296618.0000 4078.0 3966.7202 1.769187 1088.0 1041.9226 1.43754 
597901418.0000 3150.0 3166.573 -0.282906 848.0 849.80535 -0.039071 
598506218.0000 3248.0 3227.5971 0.3704653 880.0 872.33001 0.2818221 
599111018.0000 3679.0 3672.2805 0.1218463 951.0 988.34368 -1.17401 
599715818.0000 5038.0 5088.5991 -0.701129 1311.0 1353.7648 -1.150206 
600320618.0000 4430.0 4474.2949 -0.653307 1153.0 1175.9528 -0.651976 
600925418.0000 4388.0 4426.436 -0.568502 1088.0 1145.312 -1.687924 
601530218.0000 4176.0 4209.5625 -0.507681 1073.0 1096.595 -0.694841 
602135018.0000 3403.0 3418.3085 -0.250615 914.0 907.72711 0.2300479 
602739818.0000 4545.0 4518.4365 0.404688 1231.0 1208.0861 0.6762531 
603344618.0000 3880.0 3729.7175 2.4553041 1000.0 1011.403 -0.338202 
603949418.0000 2673.0 2735.4585 -1.185954 746.0 741.38568 0.1937304 
604554218.0000 3301.0 3247.3186 0.9510875 837.0 865.00231 -0.934429 
605159018.0000 4224.0 4231.9668 -0.112247 1121.0 1103.3244 0.5507009 
605763818.0000 4657.0 4780.0097 -1.777202 1170.0 1228.555 -1.66483 
606368618.0000 4100.0 4104.4033 -0.058332 1030.0 1075.0506 -1.36318 
606973418.0000 3089.0 3136.9516 -0.846389 839.0 836.47796 0.1101866 
607578218.0000 2050.0 1995.3701 1.2322663 524.0 546.71502 -0.94946 
608183018.0000 1960.0 1927.8075 0.7462847 532.0 523.5484 0.3973785 
608787818.0000 2487.0 2445.7607 0.8449668 647.0 657.39227 -0.380274 
609392618.0000 3583.0 3668.9865 -1.414088 991.0 967.22143 0.7827609 
609997418.0000 4637.0 4576.621 0.9003757 1194.0 1189.8696 0.1389765 
610602218.0000 4688.0 4614.5908 1.087567 1202.0 1193.8111 0.2559882 
611207018.0000 3633.0 3722.989 -1.469832 1007.0 984.80273 0.7258073 
611811818.0000 2558.0 2595.4692 -0.724111 680.0 697.74212 -0.649124 
612416618.0000 2612.0 2630.6025 -0.350099 719.0 709.28637 0.388832 
613021418.0000 3564.0 3610.5625 -0.765443 974.0 967.67413 0.2245226 
613626218.0000 4731.0 4855.0776 -1.778744 1314.0 1283.9848 0.8528911 
614231018.0000 4653.0 4544.2075 1.6173214 1158.0 1182.8107 -0.704453 
614835818.0000 4657.0 4737.0493 -1.156629 1234.0 1218.4574 0.4633523 
615440618.0000 4227.0 4240.1293 -0.191489 1108.0 1106.9591 0.0513114 
616045418.0000 3348.0 3284.3002 1.119521 857.0 871.4599 -0.468497 
616650218.0000 4106.0 4073.8112 0.5140737 1087.0 1089.4274 -0.053362 
617255018.0000 3837.0 3828.4777 0.1484511 1012.0 1022.9014 -0.320552 
617859818.0000 3819.0 3885.7663 -1.063413 1083.0 1040.9412 1.3153842 
618464618.0000 3524.0 3537.1892 -0.21068 952.0 942.35333 0.3353634 
619069418.0000 2304.0 2312.403 -0.160973 555.0 604.1737 -2.000866 
619674218.0000 1135.0 1138.8299 -0.093782 286.0 293.50009 -0.400469 
620279018.0000 3516.0 3497.8691 0.3175513 907.0 917.61261 -0.328939 
620883818.0000 4069.0 4099.5752 -0.467686 1048.0 1092.5766 -1.33751 
621488618.0000 3311.0 3272.2673 0.687386 853.0 882.32037 -0.969968 
622093418.0000 2156.0 2190.7231 -0.72953 556.0 593.13549 -1.513248 
622698218.0000 3109.0 3112.1682 -0.044849 822.0 835.33728 -0.439526 
623303018.0000 3527.0 3426.9758 1.7117147 933.0 912.82421 0.6872716 
623907818.0000 4644.0 4620.3715 0.357113 1211.0 1196.1763 0.4469284 
624512618.0000 4044.0 4035.5949 0.14275 1066.0 1058.6823 0.2450891 
625117418.0000 3380.0 3409.9531 -0.502249 903.0 910.84497 -0.238168 
625722218.0000 2601.0 2621.9641 -0.396911 674.0 706.50335 -1.206978 
626327018.0000 2451.0 2393.695 1.1801782 630.0 654.91937 -0.953672 
626931818.0000 3539.0 3541.4585 -0.030111 957.0 951.38598 0.203406 
627536618.0000 5173.0 5152.6865 0.2920819 1413.0 1361.8182 1.3962519 
628141418.0000 5376.0 5472.9223 -1.304969 1372.0 1426.8917 -1.44477 
628746218.0000 4383.0 4409.2822 -0.386137 1111.0 1139.8326 -0.837755 
629351018.0000 1606.0 1585.283 0.5358755 436.0 414.37234 1.0856789 
629955818.0000 2845.0 2889.8144 -0.82336 849.0 779.8294 2.4649331 
630560618.0000 3559.0 3552.7133 0.1166204 998.0 957.34436 1.3261194 
631165418.0000 3843.0 3879.9555 -0.583501 1031.0 1044.0682 -0.38458 
631770218.0000 5163.0 5282.6953 -1.643876 1402.0 1406.8234 -0.110881 
632375018.0000 4054.0 3967.9372 1.3718789 1020.0 1040.2138 -0.607999 
632979818.0000 4528.0 4543.1933 -0.215634 1202.0 1171.2744 0.9132314 
633584618.0000 4146.0 4147.0957 -0.006661 1110.0 1082.4195 0.8548982 
634189418.0000 3483.0 3534.8542 -0.86305 940.0 937.27856 0.1106058 
634794218.0000 4570.0 4584.3471 -0.20215 1235.0 1228.2647 0.2109962 
635399018.0000 3664.0 3645.8662 0.3111 974.0 984.76727 -0.32243 
636003818.0000 2391.0 2404.9902 -0.271937 651.0 652.09698 -0.016853 
636608618.0000 3349.0 3387.9689 -0.659295 959.0 901.27038 1.924769 
637213418.0000 4297.0 4359.3398 -0.936307 1069.0 1133.4907 -1.913995 
637818218.0000 4719.0 4756.8168 -0.539352 1302.0 1223.5011 2.2395355 
638423018.0000 4133.0 4025.8513 1.6917375 1015.0 1055.9672 -1.248235 
639027818.0000 3002.0 2958.0773 0.8177958 806.0 793.25488 0.4748754 
639632618.0000 2051.0 1991.996 1.3303781 526.0 542.52996 -0.684449 
640237418.0000 1882.0 1957.1905 -1.695418 523.0 530.47442 -0.296226 
640842218.0000 2808.0 2809.2731 -0.011445 766.0 755.25988 0.4140413 
641447018.0000 4078.0 4151.8945 -1.139833 1078.0 1095.8924 -0.521733 
